<svg aria-labelledby="sankey-chart--silverpoint--blue--ink--lg--per-shape-title sankey-chart--silverpoint--blue--ink--lg--per-shape-desc" class="sp-chart sp-ground-silverpoint" data-mode="ink" data-substrate="blue" height="390" role="img" viewBox="0 0 640 390" width="640" xmlns="http://www.w3.org/2000/svg">
  <title id="sankey-chart--silverpoint--blue--ink--lg--per-shape-title">
    "Visitor flow"
  <desc id="sankey-chart--silverpoint--blue--ink--lg--per-shape-desc">
    "Visitor flow. Sankey diagram of 6 flows between 7 nodes in 4 layers; total flow of 90."
  <path d="M0.5 0.5 C133.17 -0.17, 265.01 0.09, 639.5 0.5 M0.5 0.5 C183.44 0.41, 366.26 0.52, 639.5 0.5 M639.5 0.5 C639.31 143.29, 639.58 286.19, 639.5 389.5 M639.5 0.5 C639.22 87.46, 639.54 174.25, 639.5 389.5 M639.5 389.5 C454 388.73, 269 388.69, 0.5 389.5 M639.5 389.5 C404 389.99, 168.67 389.93, 0.5 389.5 M0.5 389.5 C1.03 266.72, 1.33 144.05, 0.5 0.5 M0.5 389.5 C0.17 244.36, 0.5 98.64, 0.5 0.5" data-paint="stroke" data-role="ornament" part="sp-rule">
  <path d="M16 352 C142.22 352.34, 267.93 352.02, 624 352 M16 352 C194.43 351.81, 373.16 351.55, 624 352" data-paint="stroke" data-role="ornament" part="sp-rule">
  <path d="M30.04 49.96 C30.04 49.96, 30.04 49.96, 30.04 49.96 M30.04 49.96 C30.04 49.96, 30.04 49.96, 30.04 49.96 M29.71 65.58 C34.13 60.28, 39.27 55.34, 42.83 50.48 M29.71 65.58 C33.73 60.96, 37.49 56.84, 42.83 50.48 M30.04 80.44 C39.4 68.97, 49.6 57.98, 56.28 50.25 M30.04 80.44 C40.09 69.7, 49.17 58.56, 56.28 50.25 M29.71 96.06 C43.77 79.77, 57.69 64.4, 69.08 50.77 M29.71 96.06 C43.23 80.64, 56.39 65.18, 69.08 50.77 M30.04 110.92 C47.8 91.48, 64.39 71.37, 81.87 51.3 M30.04 110.92 C47.6 90.6, 65.48 69.48, 81.87 51.3 M29.72 126.54 C54.81 98.59, 79.37 69.93, 94.01 52.57 M29.72 126.54 C43.89 110.85, 57.31 94.04, 94.01 52.57 M30.05 141.4 C52.72 115.12, 75.2 89.06, 106.15 53.85 M30.05 141.4 C60.48 106.96, 90 71.71, 106.15 53.85 M29.72 157.02 C58.04 126.23, 85.51 93.26, 118.95 54.37 M29.72 157.02 C53.37 129.83, 76.99 102.13, 118.95 54.37 M30.05 171.88 C61.97 136.37, 92.27 99.64, 131.09 55.65 M30.05 171.88 C70.59 125.44, 110.55 79.23, 131.09 55.65 M29.73 187.49 C65.76 144.64, 102.87 102.34, 143.23 56.93 M29.73 187.49 C65.64 146.64, 101.86 104.89, 143.23 56.93 M37.93 193.3 C75.19 152.02, 111.2 109.37, 155.37 58.21 M37.93 193.3 C79.76 145.39, 120.53 97.66, 155.37 58.21 M50.73 193.82 C82.41 158.34, 112.77 123.26, 168.16 58.73 M50.73 193.82 C96.23 141.11, 141.71 88.25, 168.16 58.73 M63.52 194.35 C88.64 165.78, 113.26 136.03, 180.96 59.25 M63.52 194.35 C99.94 151.52, 137.75 109.52, 180.96 59.25 M76.97 194.11 C113.29 152.58, 150.17 110.43, 193.75 59.78 M76.97 194.11 C122.46 141.94, 167.88 89.44, 193.75 59.78 M89.77 194.64 C116.85 164.2, 144.39 132.98, 206.55 60.3 M89.77 194.64 C121.51 158.42, 153.78 121.67, 206.55 60.3 M101.91 195.92 C133.87 159.84, 164.96 122.16, 218.69 61.58 M101.91 195.92 C125.83 167.57, 150.48 139.43, 218.69 61.58 M114.05 197.19 C151.51 155.46, 187.62 113.22, 218.36 77.19 M114.05 197.19 C140.01 166.38, 166.46 136.14, 218.36 77.19 M126.85 197.72 C153.71 166.3, 181.58 134.5, 218.69 92.06 M126.85 197.72 C148.35 172.79, 170.42 147.92, 218.69 92.06 M138.98 198.99 C158.89 176.3, 178.39 153.82, 218.37 107.67 M138.98 198.99 C156.22 178.33, 173.88 158.59, 218.37 107.67 M151.12 200.27 C175.65 171.74, 200.89 144.29, 218.7 122.54 M151.12 200.27 C167.18 181.64, 184.39 162.11, 218.7 122.54 M163.26 201.55 C185.43 176.99, 207.15 151.51, 218.37 138.15 M163.26 201.55 C185.04 177.43, 206.15 152.41, 218.37 138.15 M175.4 202.83 C192.86 183.4, 209.85 163.17, 218.7 153.02 M175.4 202.83 C188.38 187.79, 201.17 172.89, 218.7 153.02 M188.85 202.59 C199.01 190.48, 208.23 180.23, 218.38 168.63 M188.85 202.59 C197.15 193.14, 205.84 182.74, 218.38 168.63 M201.65 203.12 C207.99 197.02, 214.37 189.7, 218.71 183.49 M201.65 203.12 C205.52 198.6, 210.43 193.02, 218.71 183.49 M214.45 203.64 C215.75 201.83, 217.28 200.06, 218.38 199.11 M214.45 203.64 C215.65 202.13, 216.89 200.72, 218.38 199.11" data-paint="stroke" data-role="hatch" part="sp-ink-secondary">
  <path d="M30,50C124,50,124,60,218,60V202.93C124,202.93,124,192.93,30,192.93Z" data-paint="stroke" data-role="encoding" part="sp-ink-secondary">
  <path d="M30.31 202.57 C30.31 202.57, 30.31 202.57, 30.31 202.57 M30.31 202.57 C30.31 202.57, 30.31 202.57, 30.31 202.57 M29.98 218.19 C34.75 214.37, 38.15 209.24, 43.1 203.1 M29.98 218.19 C34.91 213.03, 40.01 206.72, 43.1 203.1 M30.31 233.05 C38.22 223.81, 45.92 215.53, 56.56 202.87 M30.31 233.05 C36.9 225.53, 44.32 217.62, 56.56 202.87 M29.99 248.67 C44.75 230.81, 60.13 214.81, 70.01 202.63 M29.99 248.67 C41.62 235.27, 53.63 222.18, 70.01 202.63 M30.32 263.53 C46.78 244.91, 61.69 227.26, 82.8 203.16 M30.32 263.53 C42.43 249.36, 54.39 235.88, 82.8 203.16 M29.99 279.15 C49.13 255.83, 69.84 234.78, 96.26 202.92 M29.99 279.15 C56.05 249.7, 81.41 220.53, 96.26 202.92 M39.51 283.45 C53.7 266.54, 68.85 249.26, 109.71 202.69 M39.51 283.45 C58.59 262.28, 76.67 240.33, 109.71 202.69 M52.96 283.21 C69.62 265.75, 84.53 245.69, 122.5 203.22 M52.96 283.21 C75.61 257.04, 98.28 230.83, 122.5 203.22 M65.76 283.74 C86.49 260.78, 105.74 237.46, 135.95 202.98 M65.76 283.74 C81.57 264.82, 97.98 246.54, 135.95 202.98 M79.21 283.51 C104.94 255.04, 129.2 225.9, 149.41 202.75 M79.21 283.51 C106.59 252, 133.61 220.73, 149.41 202.75 M92.66 283.27 C107.27 266.07, 122.95 248.92, 162.2 203.28 M92.66 283.27 C108.66 265.35, 124.29 246.81, 162.2 203.28 M105.45 283.8 C133.52 250.7, 160.86 218.42, 175.65 203.04 M105.45 283.8 C128.35 257.47, 151.13 231.7, 175.65 203.04 M118.91 283.57 C142.61 255.76, 167.57 228.04, 189.1 202.81 M118.91 283.57 C139.21 260.29, 159.66 237.34, 189.1 202.81 M132.36 283.33 C155.56 257.89, 177.45 230.04, 202.56 202.58 M132.36 283.33 C152 260.88, 172.29 237.99, 202.56 202.58 M145.15 283.86 C161.14 266.23, 175.72 249.41, 215.35 203.1 M145.15 283.86 C165.6 259.64, 186.56 236.34, 215.35 203.1 M158.61 283.62 C172.58 267.66, 184.81 253, 218.31 214.95 M158.61 283.62 C175.77 263.51, 193.01 243.76, 218.31 214.95 M172.06 283.39 C184.17 268.88, 195.83 256.31, 217.98 230.56 M172.06 283.39 C184.15 269.11, 196.46 255.59, 217.98 230.56 M185.51 283.16 C193.11 273.77, 200.27 264.72, 218.31 245.43 M185.51 283.16 C197.56 268.79, 210.83 254.74, 218.31 245.43 M198.3 283.68 C204.04 277.17, 209.05 270.06, 217.99 261.04 M198.3 283.68 C203.11 278.08, 208.53 272.53, 217.99 261.04 M211.76 283.45 C213.65 282.1, 215.13 279.94, 218.32 275.91 M211.76 283.45 C213.7 281.33, 215.15 279.29, 218.32 275.91" data-paint="stroke" data-role="hatch" part="sp-ink-secondary">
  <path d="M30,202.93C124,202.93,124,202.93,218,202.93V283.33C124,283.33,124,283.33,30,283.33Z" data-paint="stroke" data-role="encoding" part="sp-ink-secondary">
  <path d="M29.8 293.56 C29.8 293.56, 29.8 293.56, 29.8 293.56 M29.8 293.56 C29.8 293.56, 29.8 293.56, 29.8 293.56 M30.13 308.42 C33.36 304.2, 36.83 300.68, 43.25 293.33 M30.13 308.42 C33.34 304.76, 36.25 301.08, 43.25 293.33 M29.81 324.04 C34.43 318.66, 39.77 311.15, 56.7 293.09 M29.81 324.04 C39.31 313.42, 48.76 302.44, 56.7 293.09 M30.79 338.15 C45.77 320.55, 62.4 302.4, 70.81 292.11 M30.79 338.15 C40.31 326.8, 50.04 316.33, 70.81 292.11 M44.24 337.91 C55.81 326.01, 65.46 313.16, 84.26 291.88 M44.24 337.91 C57.26 323.46, 69.67 309.38, 84.26 291.88 M57.7 337.68 C66.7 327.36, 75.79 317.21, 99.03 290.14 M57.7 337.68 C71.94 321.27, 86.79 303.75, 99.03 290.14 M71.15 337.45 C83.7 321.84, 98.25 305.58, 113.14 289.15 M71.15 337.45 C85.41 321, 99.05 305.2, 113.14 289.15 M84.6 337.22 C99.77 319.18, 114.53 303.42, 127.24 288.16 M84.6 337.22 C101.04 318.12, 117.48 298.53, 127.24 288.16 M99.36 335.48 C110.78 322.99, 122.7 309.07, 141.35 287.18 M99.36 335.48 C110.65 322.98, 121.46 310.07, 141.35 287.18 M113.47 334.49 C130.21 314.79, 146.69 296.84, 156.11 285.43 M113.47 334.49 C124.46 321.41, 135.69 309.22, 156.11 285.43 M127.58 333.5 C141.13 317.96, 154.4 301.82, 169.57 285.2 M127.58 333.5 C139.98 318.89, 152.21 305.29, 169.57 285.2 M142.34 331.76 C155.86 316.34, 168.75 299.99, 183.02 284.97 M142.34 331.76 C153.27 319.18, 163.13 307.31, 183.02 284.97 M156.45 330.78 C167.74 318.28, 178.93 304.95, 196.47 284.74 M156.45 330.78 C167.14 318.9, 177.32 306.85, 196.47 284.74 M170.56 329.79 C183.27 314.21, 198.07 299.29, 210.58 283.75 M170.56 329.79 C186.03 312.17, 200.19 294.96, 210.58 283.75 M184.67 328.8 C191.36 320.32, 198.19 312.17, 218.78 289.56 M184.67 328.8 C195.27 316.12, 206.2 303.88, 218.78 289.56 M198.12 328.57 C205.14 320.02, 212.9 310.28, 218.45 305.18 M198.12 328.57 C205.6 319.87, 213.46 310.9, 218.45 305.18 M211.57 328.34 C214.13 325.39, 216.79 322.64, 218.79 320.04 M211.57 328.34 C213.74 325.86, 215.38 324.02, 218.79 320.04" data-paint="stroke" data-role="hatch" part="sp-ink-secondary">
  <path d="M30,293.33C124,293.33,124,283.33,218,283.33V328C124,328,124,338,30,338Z" data-paint="stroke" data-role="encoding" part="sp-ink-secondary">
  <path d="M226.01 59.99 C226.01 59.99, 226.01 59.99, 226.01 59.99 M226.01 59.99 C226.01 59.99, 226.01 59.99, 226.01 59.99 M225.68 75.61 C229.41 72.62, 231.29 68.75, 239.46 59.76 M225.68 75.61 C230 71.1, 234.45 65.9, 239.46 59.76 M226.01 90.47 C234.34 81.2, 242.5 72.08, 252.91 59.53 M226.01 90.47 C232.72 82.24, 239.55 74.58, 252.91 59.53 M225.69 106.09 C235.07 96.23, 243.28 86.76, 266.36 59.29 M225.69 106.09 C241.36 87.51, 257.06 69.27, 266.36 59.29 M226.02 120.95 C238.1 105.73, 251.49 91.17, 280.47 58.31 M226.02 120.95 C247.67 96.34, 269.13 70.88, 280.47 58.31 M225.69 136.57 C247.08 111.51, 268.88 86.06, 293.92 58.08 M225.69 136.57 C247.47 111.61, 269.09 86.66, 293.92 58.08 M226.02 151.43 C245.66 129.71, 264.46 108.63, 307.37 57.84 M226.02 151.43 C242.48 132.57, 258.65 113.99, 307.37 57.84 M225.7 167.05 C251.64 137, 278 108.41, 320.83 57.61 M225.7 167.05 C249.32 139.35, 273.06 111.75, 320.83 57.61 M226.03 181.91 C253.17 151.73, 280.77 120.48, 334.28 57.38 M226.03 181.91 C258.24 144.91, 290.62 107.11, 334.28 57.38 M236.2 185.45 C260.09 157.16, 285.29 127.83, 348.39 56.39 M236.2 185.45 C273.5 143.02, 310.44 99.34, 348.39 56.39 M249.65 185.22 C276.39 155.01, 303.05 125.57, 361.84 56.16 M249.65 185.22 C291.05 137.59, 332.94 90.14, 361.84 56.16 M263.1 184.99 C292.66 149.42, 323.88 115.16, 375.29 55.93 M263.1 184.99 C307.13 133.34, 351.98 82.33, 375.29 55.93 M277.21 184 C300.02 157.74, 324.62 131.41, 388.74 55.7 M277.21 184 C302.56 154.58, 328.56 124.45, 388.74 55.7 M290.66 183.77 C329.78 139.74, 368.63 94.2, 402.19 55.47 M290.66 183.77 C320.84 149.44, 350.29 115.34, 402.19 55.47 M304.11 183.54 C348 134.8, 389.56 84.41, 414.33 56.74 M304.11 183.54 C341.51 140.89, 378.77 97.88, 414.33 56.74 M317.57 183.3 C349.21 146.09, 380.65 110.44, 414.01 72.36 M317.57 183.3 C342.31 154.93, 366.99 126.47, 414.01 72.36 M331.02 183.07 C353.09 156.12, 376.19 129.87, 414.34 87.22 M331.02 183.07 C354.74 155.09, 378.93 127.93, 414.34 87.22 M344.47 182.84 C367.29 158.15, 387.96 131.68, 414.01 102.84 M344.47 182.84 C362.91 161.23, 382.47 139.41, 414.01 102.84 M358.58 181.85 C378.29 158.8, 396.77 137.17, 414.34 117.7 M358.58 181.85 C376.33 161.97, 393.05 142.48, 414.34 117.7 M372.03 181.62 C385.77 165.32, 401.04 147.6, 414.02 133.32 M372.03 181.62 C384.82 167.43, 397.13 152.67, 414.02 133.32 M385.48 181.39 C397.03 168.05, 408.15 155.74, 414.35 148.18 M385.48 181.39 C396.41 168.57, 407.72 156.31, 414.35 148.18 M398.93 181.16 C403.06 175.28, 407.18 171.37, 414.02 163.8 M398.93 181.16 C403.51 175.79, 408.54 169.79, 414.02 163.8 M412.38 180.93 C412.98 180.11, 413.74 179.45, 414.35 178.66 M412.38 180.93 C413.05 180.28, 413.62 179.5, 414.35 178.66" data-paint="stroke" data-role="hatch" part="sp-ink-secondary">
  <path d="M226,60C320,60,320,55,414,55V180.07C320,180.07,320,185.07,226,185.07Z" data-paint="stroke" data-role="encoding" part="sp-ink-secondary">
  <path d="M226.27 184.76 C226.27 184.76, 226.27 184.76, 226.27 184.76 M226.27 184.76 C226.27 184.76, 226.27 184.76, 226.27 184.76 M225.94 200.38 C230.61 194.15, 236.83 189.04, 239.06 185.29 M225.94 200.38 C230.96 194.59, 235.65 189.23, 239.06 185.29 M226.27 215.24 C232.8 208.6, 238.12 202.59, 251.86 185.81 M226.27 215.24 C235.27 204.64, 244.4 194.63, 251.86 185.81 M225.94 230.86 C235.34 219.99, 244.35 210.68, 264.65 186.33 M225.94 230.86 C238.56 216.04, 252.19 200.34, 264.65 186.33 M226.28 245.72 C236.24 233.78, 247.14 220.82, 278.1 186.1 M226.28 245.72 C240.96 228.63, 255.3 212.18, 278.1 186.1 M225.95 261.34 C241.48 244.66, 255.94 226.97, 290.9 186.62 M225.95 261.34 C244.93 239.51, 262.9 218.19, 290.9 186.62 M226.28 276.2 C253.11 245.41, 280.26 215.06, 303.7 187.15 M226.28 276.2 C247.02 252.09, 267.84 228.3, 303.7 187.15 M225.95 291.82 C261 250.61, 296.08 210.45, 316.49 187.67 M225.95 291.82 C253.96 258.94, 283.01 226.63, 316.49 187.67 M226.28 306.68 C249.22 278.53, 273.35 251.96, 329.29 188.19 M226.28 306.68 C260.4 267.52, 294.17 227.94, 329.29 188.19 M225.96 322.3 C256.01 287.56, 284.83 254.25, 342.74 187.96 M225.96 322.3 C250.08 294.61, 273.98 266.85, 342.74 187.96 M234.16 328.11 C276.66 279.94, 317.65 232.25, 355.53 188.48 M234.16 328.11 C263.72 294.61, 292.36 260.6, 355.53 188.48 M246.96 328.63 C271.15 300.58, 296.9 271.92, 368.33 189.01 M246.96 328.63 C287.04 282.75, 327.93 236.37, 368.33 189.01 M259.75 329.15 C301.16 281.81, 341.39 233.97, 381.12 189.53 M259.75 329.15 C284.07 301.2, 308.44 272.92, 381.12 189.53 M272.55 329.67 C317.32 278.81, 361.77 227.74, 394.58 189.3 M272.55 329.67 C316.69 278.72, 360.76 227.6, 394.58 189.3 M286 329.44 C331.42 276.85, 377.99 224.32, 407.37 189.82 M286 329.44 C329.66 279.46, 373.19 228.76, 407.37 189.82 M298.8 329.97 C331.72 292.47, 363.65 253.96, 414.92 196.38 M298.8 329.97 C338.35 284.23, 378.22 238.31, 414.92 196.38 M311.59 330.49 C351.19 285.6, 389.22 239.84, 414.59 212 M311.59 330.49 C342.51 294.82, 372.67 260.22, 414.59 212 M324.39 331.01 C346.9 304.57, 371.12 277.08, 414.92 226.86 M324.39 331.01 C344 308.41, 362.88 286, 414.92 226.86 M337.84 330.78 C367.57 297.84, 395.66 263.84, 414.6 242.48 M337.84 330.78 C363.78 301.06, 389.64 271.16, 414.6 242.48 M350.63 331.3 C364.12 315.16, 377.65 300.59, 414.93 257.34 M350.63 331.3 C370.89 308.42, 390.67 285.09, 414.93 257.34 M363.43 331.83 C383.57 309.23, 401.86 287.02, 414.6 272.96 M363.43 331.83 C375.99 316.99, 388.14 302.92, 414.6 272.96 M376.23 332.35 C383.51 323.97, 392.07 313.84, 414.93 287.82 M376.23 332.35 C386.01 320.64, 395.66 310.13, 414.93 287.82 M389.68 332.12 C396.93 323.58, 402.96 317.01, 414.61 303.44 M389.68 332.12 C397.91 322.75, 406.1 313.37, 414.61 303.44 M402.47 332.64 C406.38 327.31, 410.18 323.39, 414.94 318.3 M402.47 332.64 C405.12 328.9, 408.86 325.3, 414.94 318.3" data-paint="stroke" data-role="hatch" part="sp-ink-secondary">
  <path d="M226,185.07C320,185.07,320,190.07,414,190.07V333C320,333,320,328,226,328Z" data-paint="stroke" data-role="encoding" part="sp-ink-secondary">
  <path d="M421.77 55.26 C421.77 55.26, 421.77 55.26, 421.77 55.26 M421.77 55.26 C421.77 55.26, 421.77 55.26, 421.77 55.26 M422.1 70.12 C426.54 65.78, 430.59 61.01, 433.91 56.54 M422.1 70.12 C425 67.14, 428.06 63.87, 433.91 56.54 M421.78 85.74 C429.65 75.86, 437.21 67.1, 446.05 57.82 M421.78 85.74 C427.96 78.64, 433.38 72.16, 446.05 57.82 M422.11 100.6 C430.54 91.4, 439.6 81.3, 456.22 61.36 M422.11 100.6 C432.27 89.49, 441.46 77.86, 456.22 61.36 M427.69 109.43 C441.42 92.5, 455.69 76.2, 465.74 65.66 M427.69 109.43 C442.09 93.44, 455.66 76.9, 465.74 65.66 M439.83 110.71 C451.29 96.39, 463.89 84.05, 474.6 70.71 M439.83 110.71 C448.43 100.59, 457.94 90.51, 474.6 70.71 M450.65 113.49 C458.58 104.17, 467.88 94.7, 482.8 76.51 M450.65 113.49 C461.64 101.11, 472.7 88.68, 482.8 76.51 M460.82 117.04 C469.67 105.94, 479.52 95.32, 490.35 83.07 M460.82 117.04 C471.59 104.13, 483.29 91.27, 490.35 83.07 M470.34 121.33 C476.95 114.04, 481.13 107.25, 497.89 89.63 M470.34 121.33 C480.05 109.56, 490.09 98.11, 497.89 89.63 M478.54 127.14 C485.53 118.89, 492.8 110.82, 504.13 97.7 M478.54 127.14 C485.6 118.64, 492.19 110.68, 504.13 97.7 M486.09 133.7 C491.73 125.89, 498.21 120.01, 511.02 105.02 M486.09 133.7 C494.17 124.34, 502.03 115.41, 511.02 105.02 M493.64 140.26 C502.44 130.27, 509.66 121.96, 517.25 113.09 M493.64 140.26 C499.98 133.13, 506.11 125.78, 517.25 113.09 M500.53 147.57 C506.35 140.46, 512.86 132.04, 524.15 120.4 M500.53 147.57 C509.74 136.97, 517.93 127.3, 524.15 120.4 M507.42 154.89 C515.56 143.85, 525.01 133.94, 531.04 127.72 M507.42 154.89 C513.88 148.23, 519.39 141.13, 531.04 127.72 M514.31 162.21 C523.52 151.65, 531.83 142.63, 537.93 135.04 M514.31 162.21 C523.39 152.21, 532.12 141.08, 537.93 135.04 M520.54 170.28 C526.85 162.77, 533.08 157.21, 545.48 141.6 M520.54 170.28 C526.14 164.1, 531.42 156.92, 545.48 141.6 M527.44 177.59 C534.91 168.51, 543.1 160.7, 553.02 148.16 M527.44 177.59 C535.04 168.12, 543.4 159.18, 553.02 148.16 M534.33 184.91 C544.62 172.56, 555.01 159.89, 561.23 153.96 M534.33 184.91 C543.86 173.92, 553.3 162.17, 561.23 153.96 M541.22 192.22 C548.04 185.4, 552.9 178.62, 570.08 159.01 M541.22 192.22 C551.96 179.54, 562.82 167.92, 570.08 159.01 M548.77 198.78 C556.55 189.25, 566.36 178.55, 580.26 162.56 M548.77 198.78 C559.35 186.45, 570.03 174.63, 580.26 162.56 M556.97 204.59 C570.48 189.68, 582.81 174.75, 591.08 165.34 M556.97 204.59 C567.84 191.89, 578.16 180.11, 591.08 165.34 M565.17 210.39 C575.65 197.64, 587.07 184.63, 602.57 167.37 M565.17 210.39 C580.2 193.53, 594.24 176.96, 602.57 167.37 M574.69 214.69 C581.65 206.84, 588.63 198.36, 610.11 173.94 M574.69 214.69 C586.47 201.45, 597.86 188.22, 610.11 173.94 M584.86 218.23 C592.57 209.06, 599.22 200.66, 610.44 188.8 M584.86 218.23 C592.15 209.18, 599.51 200.8, 610.44 188.8 M597 219.51 C599.05 217.05, 602.64 213.64, 610.12 204.41 M597 219.51 C601.14 214.51, 606.41 209.22, 610.12 204.41 M609.14 220.79 C609.43 220.45, 609.78 220.11, 610.45 219.28 M609.14 220.79 C609.58 220.23, 610.09 219.69, 610.45 219.28" data-paint="stroke" data-role="hatch" part="sp-ink-secondary">
  <path d="M422,55C516,55,516,167.2,610,167.2V220.8C516,220.8,516,108.6,422,108.6Z" data-paint="stroke" data-role="encoding" part="sp-ink-secondary">
  <path d="M22.2 49.77 C22.2 49.77, 22.2 49.77, 22.2 49.77 M22.2 49.77 C22.2 49.77, 22.2 49.77, 22.2 49.77 M22.13 58.99 C24.05 56.21, 26.92 54.34, 30.01 49.93 M22.13 58.99 C24.96 55.81, 27.06 52.9, 30.01 49.93 M22.07 68.21 C24.73 64.81, 27.2 62.05, 30.6 58.4 M22.07 68.21 C24.79 65.45, 27.6 62.1, 30.6 58.4 M22.01 77.43 C25.51 73.8, 28.42 70.09, 30.53 67.62 M22.01 77.43 C24.31 74.48, 26.73 72.1, 30.53 67.62 M21.94 86.65 C25.45 83.17, 28.13 79.75, 30.47 76.84 M21.94 86.65 C25.19 83.1, 27.88 79.66, 30.47 76.84 M21.88 95.87 C24.25 92.04, 27.21 89.38, 30.41 86.06 M21.88 95.87 C23.53 93.66, 25.4 91.98, 30.41 86.06 M21.81 105.09 C24.05 102.5, 25.51 100.1, 31 94.52 M21.81 105.09 C24.07 103.11, 25.52 100.48, 31 94.52 M21.75 114.31 C25.24 109.98, 28.73 106.41, 30.93 103.74 M21.75 114.31 C24.67 110.62, 28.24 106.61, 30.93 103.74 M21.69 123.53 C25.29 119.69, 29.39 114.8, 30.87 112.96 M21.69 123.53 C24.13 120.49, 26.55 118.15, 30.87 112.96 M22.28 131.99 C24.58 129.44, 27.27 125.55, 30.81 122.18 M22.28 131.99 C25.83 127.85, 28.99 124.26, 30.81 122.18 M22.21 141.21 C24.33 139.08, 27.21 135.93, 30.74 131.4 M22.21 141.21 C24.66 138.41, 27.06 135.84, 30.74 131.4 M22.15 150.43 C25.27 147.21, 28.07 143.97, 30.68 140.62 M22.15 150.43 C24.3 147.85, 26.52 144.99, 30.68 140.62 M22.08 159.65 C25.97 155.49, 28.72 151.96, 30.61 149.84 M22.08 159.65 C25.14 155.84, 28.81 151.69, 30.61 149.84 M22.02 168.87 C24.09 165.68, 26.92 163.42, 30.55 159.06 M22.02 168.87 C24.53 166.07, 27.51 162.52, 30.55 159.06 M21.96 178.09 C24.58 175.32, 26.75 173.21, 30.48 168.28 M21.96 178.09 C25.24 174.37, 28.43 170.94, 30.48 168.28 M21.89 187.31 C24.82 183.59, 27.1 181.14, 30.42 177.5 M21.89 187.31 C24.91 183.92, 28.08 179.93, 30.42 177.5 M25.11 192.75 C26.17 191.18, 27.85 189.44, 31.01 185.96 M25.11 192.75 C27.27 190.55, 29.28 188.25, 31.01 185.96" data-paint="stroke" data-role="hatch" part="sp-ink">
  <path d="M22,50H30V192.93H22Z" data-paint="stroke" data-role="encoding" part="sp-ink">
  <path d="M218.17 59.8 C218.17 59.8, 218.17 59.8, 218.17 59.8 M218.17 59.8 C218.17 59.8, 218.17 59.8, 218.17 59.8 M218.11 69.02 C221.33 65.19, 223.92 62.23, 225.98 59.97 M218.11 69.02 C219.95 66.91, 221.22 65.14, 225.98 59.97 M218.04 78.24 C219.17 76.54, 221.89 74.24, 226.57 68.43 M218.04 78.24 C220.61 75.21, 223.41 72.07, 226.57 68.43 M217.98 87.46 C220.83 84.47, 223.17 81.06, 226.51 77.65 M217.98 87.46 C220.22 84.39, 223.05 81.58, 226.51 77.65 M217.92 96.68 C221.61 92.59, 224.28 89.17, 226.44 86.87 M217.92 96.68 C221.36 92.88, 224.69 89.19, 226.44 86.87 M217.85 105.9 C220.29 102.98, 223.66 99.97, 227.04 95.33 M217.85 105.9 C219.95 103.72, 221.95 101.41, 227.04 95.33 M217.79 115.12 C219.75 112.57, 221.99 109.41, 226.97 104.55 M217.79 115.12 C220.15 112.37, 222.84 108.89, 226.97 104.55 M217.72 124.34 C220.94 120.62, 224.21 116.94, 226.91 113.77 M217.72 124.34 C220.58 121.02, 223.58 118.28, 226.91 113.77 M218.31 132.8 C221.01 129.41, 224.62 125.67, 226.84 122.99 M218.31 132.8 C220.26 130.53, 222.6 127.89, 226.84 122.99 M218.25 142.02 C221.43 137.58, 225.2 134.71, 226.78 132.21 M218.25 142.02 C220.99 138.63, 223.78 135.68, 226.78 132.21 M218.19 151.24 C221.89 147.36, 224.91 143.22, 226.71 141.43 M218.19 151.24 C220.33 149.09, 222.58 146.4, 226.71 141.43 M218.12 160.46 C219.62 157.81, 221.44 156.3, 226.65 150.65 M218.12 160.46 C220.69 157.6, 223.25 154.5, 226.65 150.65 M218.06 169.68 C220.8 165.73, 224.53 162.11, 226.59 159.87 M218.06 169.68 C220.86 166.73, 222.95 163.79, 226.59 159.87 M217.99 178.9 C220.6 175.81, 223.79 172.66, 226.52 169.09 M217.99 178.9 C220.35 176.06, 222.86 173.43, 226.52 169.09 M217.93 188.12 C219.51 185.51, 221.55 182.94, 226.46 178.31 M217.93 188.12 C221.05 184.37, 224.17 180.69, 226.46 178.31 M217.87 197.34 C219.33 195.46, 222.56 192.23, 227.05 186.77 M217.87 197.34 C220.82 193.8, 224.21 190.66, 227.05 186.77 M217.8 206.56 C220.84 203.07, 224.2 199.08, 226.99 195.99 M217.8 206.56 C220.28 203.76, 222.25 201.61, 226.99 195.99 M217.74 215.78 C219.98 212.76, 222.56 210.6, 226.92 205.21 M217.74 215.78 C219.48 213.5, 221.45 211.48, 226.92 205.21 M217.67 225 C219.51 222.35, 221.94 219.69, 226.86 214.43 M217.67 225 C219.92 222.45, 222.53 219.47, 226.86 214.43 M218.26 233.46 C220.31 230.9, 222.92 228.92, 226.79 223.65 M218.26 233.46 C220.83 231.12, 223.14 228.33, 226.79 223.65 M218.2 242.68 C221.87 238.74, 225.3 234.71, 226.73 232.87 M218.2 242.68 C220.11 240.54, 221.62 238.57, 226.73 232.87 M218.14 251.9 C221.12 248.85, 223.36 245.45, 226.67 242.09 M218.14 251.9 C220.73 248.79, 223.65 245.37, 226.67 242.09 M218.07 261.12 C219.72 258.5, 222.32 256.53, 226.6 251.31 M218.07 261.12 C221.47 257.09, 224.84 253.7, 226.6 251.31 M218.01 270.34 C220.34 267.46, 223.19 263.8, 226.54 260.53 M218.01 270.34 C219.82 268.39, 221.89 266.17, 226.54 260.53 M217.94 279.56 C220.53 277.12, 221.98 274.35, 226.47 269.75 M217.94 279.56 C220.76 276.28, 223.77 272.8, 226.47 269.75 M217.88 288.78 C221.16 286.04, 223.39 282.46, 226.41 278.96 M217.88 288.78 C219.87 286.83, 221.75 284.27, 226.41 278.96 M217.82 298 C219.64 296.06, 222.17 293.82, 227 287.43 M217.82 298 C221.25 293.59, 225.22 289.53, 227 287.43 M217.75 307.21 C220.76 303.85, 223.79 300.81, 226.94 296.65 M217.75 307.21 C220.26 304, 222.73 301.05, 226.94 296.65 M217.69 316.43 C219.59 314.11, 220.94 312.59, 226.87 305.87 M217.69 316.43 C220.13 313.73, 222.51 311.42, 226.87 305.87 M218.28 324.9 C221.38 321.49, 224.13 317.79, 226.81 315.09 M218.28 324.9 C221.03 321.41, 224.04 318.14, 226.81 315.09 M223.46 328.08 C224.49 326.95, 225.36 325.72, 226.74 324.31 M223.46 328.08 C224.77 326.59, 225.93 325.3, 226.74 324.31" data-paint="stroke" data-role="hatch" part="sp-ink">
  <path d="M218,60H226V328H218Z" data-paint="stroke" data-role="encoding" part="sp-ink">
  <path d="M21.82 203.14 C21.82 203.14, 21.82 203.14, 21.82 203.14 M21.82 203.14 C21.82 203.14, 21.82 203.14, 21.82 203.14 M21.75 212.36 C23.59 210.41, 26.48 207.09, 29.62 203.3 M21.75 212.36 C24.23 209.47, 26.25 207.03, 29.62 203.3 M21.69 221.58 C24.41 218.2, 26.91 215.36, 30.87 211.01 M21.69 221.58 C24.28 218.08, 27.3 214.92, 30.87 211.01 M22.28 230.04 C24.48 227.68, 26.26 225.76, 30.81 220.23 M22.28 230.04 C25.04 226.9, 27.69 224.26, 30.81 220.23 M22.22 239.26 C24.45 236.58, 26.57 233.95, 30.74 229.45 M22.22 239.26 C24.14 237.22, 25.84 234.66, 30.74 229.45 M22.15 248.48 C24.35 245.67, 26.49 243.92, 30.68 238.67 M22.15 248.48 C24.4 246.06, 26.24 244.04, 30.68 238.67 M22.09 257.7 C24.83 254.25, 27.63 251.78, 30.62 247.89 M22.09 257.7 C24.97 253.85, 28.04 250.41, 30.62 247.89 M22.02 266.92 C24.7 264.03, 27.54 260.52, 30.55 257.11 M22.02 266.92 C23.98 264.72, 26.24 262.18, 30.55 257.11 M21.96 276.14 C25.22 272.91, 27.47 268.82, 30.49 266.33 M21.96 276.14 C24.17 273.78, 26.02 271.84, 30.49 266.33 M23.21 283.85 C25.19 281.11, 27.85 279.23, 30.42 275.55 M23.21 283.85 C25.39 281.58, 26.93 279.14, 30.42 275.55" data-paint="stroke" data-role="hatch" part="sp-ink">
  <path d="M22,202.93H30V283.33H22Z" data-paint="stroke" data-role="encoding" part="sp-ink">
  <path d="M21.96 293.37 C21.96 293.37, 21.96 293.37, 21.96 293.37 M21.96 293.37 C21.96 293.37, 21.96 293.37, 21.96 293.37 M21.9 302.59 C25 299.59, 27.61 296.25, 29.77 293.53 M21.9 302.59 C25.02 299.49, 27.79 295.86, 29.77 293.53 M21.84 311.81 C24.74 308.14, 28.09 304.94, 31.02 301.24 M21.84 311.81 C24.27 308.7, 27.27 305.76, 31.02 301.24 M21.77 321.03 C25.27 317.05, 28.42 314.46, 30.96 310.46 M21.77 321.03 C24.68 317.51, 27.34 314.21, 30.96 310.46 M21.71 330.25 C24.32 326.7, 26.58 323.88, 30.89 319.68 M21.71 330.25 C23.99 327.2, 26.52 324.81, 30.89 319.68 M22.3 338.71 C26.09 335.05, 28.94 331.21, 30.83 328.9 M22.3 338.71 C24.26 335.93, 26.66 333.44, 30.83 328.9" data-paint="stroke" data-role="hatch" part="sp-ink">
  <path d="M22,293.33H30V338H22Z" data-paint="stroke" data-role="encoding" part="sp-ink">
  <path d="M413.93 55.08 C413.93 55.08, 413.93 55.08, 413.93 55.08 M413.93 55.08 C413.93 55.08, 413.93 55.08, 413.93 55.08 M413.87 64.29 C415.58 62.09, 418.49 59.48, 421.74 55.24 M413.87 64.29 C416 62.22, 417.94 59.74, 421.74 55.24 M413.81 73.51 C416.32 71.67, 417.41 68.96, 422.99 62.95 M413.81 73.51 C416.7 70.16, 419.07 67.45, 422.99 62.95 M413.74 82.73 C416.53 79.43, 419.08 77.17, 422.93 72.17 M413.74 82.73 C416.58 79.09, 419.68 75.95, 422.93 72.17 M413.68 91.95 C416.55 87.8, 420.06 84.98, 422.86 81.39 M413.68 91.95 C416.22 88.69, 419.45 85.4, 422.86 81.39 M414.27 100.42 C416.82 96.7, 419.86 93.9, 422.8 90.61 M414.27 100.42 C416.48 97.82, 418.86 94.87, 422.8 90.61 M414.21 109.64 C417.62 106.3, 420.68 102.43, 422.73 99.83 M414.21 109.64 C416.76 106.36, 419.25 103.31, 422.73 99.83 M414.14 118.86 C416.25 115.92, 418.69 113.38, 422.67 109.04 M414.14 118.86 C417.1 115.29, 420 111.97, 422.67 109.04 M414.08 128.07 C417.19 125.23, 419.06 121.59, 422.61 118.26 M414.08 128.07 C415.69 126.17, 417.75 123.88, 422.61 118.26 M414.01 137.29 C416.4 134.54, 418.81 131.64, 422.54 127.48 M414.01 137.29 C416.74 134.1, 420.11 130.55, 422.54 127.48 M413.95 146.51 C416.58 143.57, 418.94 140.4, 422.48 136.7 M413.95 146.51 C416.96 143.25, 419.88 140.01, 422.48 136.7 M413.89 155.73 C416.21 153.31, 418.49 150.71, 422.41 145.92 M413.89 155.73 C417.01 152.03, 420.59 148.21, 422.41 145.92 M413.82 164.95 C416.81 162.46, 418.92 159.56, 423.01 154.39 M413.82 164.95 C415.94 162.98, 417.47 160.33, 423.01 154.39 M413.76 174.17 C417.17 169.94, 420.47 166.14, 422.94 163.61 M413.76 174.17 C417.05 170.11, 420.09 166.29, 422.94 163.61 M416.32 180.37 C419.12 177.18, 421.72 174.44, 422.88 172.82 M416.32 180.37 C418.43 177.95, 420.67 175.42, 422.88 172.82" data-paint="stroke" data-role="hatch" part="sp-ink">
  <path d="M414,55H422V180.07H414Z" data-paint="stroke" data-role="encoding" part="sp-ink">
  <path d="M413.89 190.19 C413.89 190.19, 413.89 190.19, 413.89 190.19 M413.89 190.19 C413.89 190.19, 413.89 190.19, 413.89 190.19 M413.83 199.41 C416.8 196.16, 419.43 192.45, 421.7 190.35 M413.83 199.41 C416.6 196.6, 419.29 193.45, 421.7 190.35 M413.77 208.63 C416.47 205.24, 419.66 202.17, 422.95 198.06 M413.77 208.63 C416.49 205.62, 418.86 202.51, 422.95 198.06 M413.7 217.85 C417.62 214.33, 420.14 210.29, 422.89 207.28 M413.7 217.85 C416.47 214.12, 420 211.16, 422.89 207.28 M414.29 226.31 C417.15 223.07, 420.39 219.28, 422.82 216.5 M414.29 226.31 C417.43 223.08, 420.5 219.77, 422.82 216.5 M414.23 235.53 C416.67 232.89, 419.88 229.96, 422.76 225.72 M414.23 235.53 C416.74 232.53, 419.1 229.7, 422.76 225.72 M414.17 244.75 C415.62 242.29, 417.7 240.85, 422.69 234.94 M414.17 244.75 C417.35 240.76, 420.99 236.92, 422.69 234.94 M414.1 253.97 C415.9 251.6, 419.31 248.97, 422.63 244.16 M414.1 253.97 C416.36 251.29, 419.32 247.97, 422.63 244.16 M414.04 263.19 C416.5 260.51, 419.34 257.68, 422.57 253.38 M414.04 263.19 C417.62 259.23, 420.9 255.69, 422.57 253.38 M413.97 272.41 C417.28 268.94, 420.77 264.72, 422.5 262.6 M413.97 272.41 C416.53 269.33, 418.94 266.43, 422.5 262.6 M413.91 281.63 C415.25 278.85, 417.21 276.66, 422.44 271.82 M413.91 281.63 C416.62 278.47, 419.39 275.69, 422.44 271.82 M413.84 290.85 C416.38 286.79, 419.61 283.74, 423.03 280.28 M413.84 290.85 C415.82 288.67, 418.2 286.42, 423.03 280.28 M413.78 300.07 C415.49 297.74, 417.37 294.76, 422.97 289.5 M413.78 300.07 C416.77 296.91, 419.7 293.45, 422.97 289.5 M413.72 309.29 C417.71 305.17, 421.39 300.4, 422.9 298.72 M413.72 309.29 C416.84 305.8, 419.38 302.36, 422.9 298.72 M414.31 317.75 C418.07 313.76, 420.15 310.91, 422.84 307.94 M414.31 317.75 C416.89 314.58, 419.73 311.61, 422.84 307.94 M414.24 326.97 C416.12 324.44, 418.39 322.33, 422.77 317.16 M414.24 326.97 C415.95 324.67, 417.85 323.15, 422.77 317.16 M416.8 333.17 C419.02 330.96, 420.77 328.61, 422.71 326.38 M416.8 333.17 C418.49 331.47, 419.97 329.81, 422.71 326.38" data-paint="stroke" data-role="hatch" part="sp-ink">
  <path d="M414,190.07H422V333H414Z" data-paint="stroke" data-role="encoding" part="sp-ink">
  <path d="M609.99 167.21 C609.99 167.21, 609.99 167.21, 609.99 167.21 M609.99 167.21 C609.99 167.21, 609.99 167.21, 609.99 167.21 M609.93 176.43 C611.56 173.97, 614.49 170.99, 617.8 167.37 M609.93 176.43 C611.77 174.64, 613.09 172.64, 617.8 167.37 M609.87 185.65 C612.75 182.02, 616.78 177.33, 619.05 175.08 M609.87 185.65 C612.43 182.39, 614.79 179.51, 619.05 175.08 M609.8 194.86 C613.07 192.02, 614.99 188.31, 618.99 184.3 M609.8 194.86 C613.13 191.64, 615.84 187.59, 618.99 184.3 M609.74 204.08 C612.44 202.05, 614.08 198.82, 618.92 193.52 M609.74 204.08 C613.32 199.75, 616.7 195.93, 618.92 193.52 M609.67 213.3 C612.23 210.39, 614.62 208.36, 618.86 202.74 M609.67 213.3 C612.7 210.32, 615.22 206.77, 618.86 202.74 M610.92 221.01 C613.11 218.77, 614.62 216.79, 618.79 211.96 M610.92 221.01 C612.92 218.52, 615.23 216.6, 618.79 211.96" data-paint="stroke" data-role="hatch" part="sp-ink">
  <path d="M610,167.2H618V220.8H610Z" data-paint="stroke" data-role="encoding" part="sp-ink">
  <text data-kind="title" part="sp-text" text-anchor="start" x="16" y="27">
    "Visitor flow"
  <text data-kind="badge" part="sp-axis" text-anchor="end" x="624" y="27">
    "June"
  <text data-kind="footer" part="sp-axis" text-anchor="start" x="16" y="370">
    "visits"
  <text data-kind="footer" part="sp-axis" text-anchor="end" x="624" y="370">
    "silverpoint"
  <text data-kind="tick" part="sp-text" text-anchor="start" x="34" y="125.47">
    "Search 48"
  <text data-kind="tick" part="sp-text" text-anchor="start" x="230" y="198">
    "Visit 90"
  <text data-kind="tick" part="sp-text" text-anchor="start" x="34" y="247.13">
    "Social 27"
  <text data-kind="tick" part="sp-text" text-anchor="start" x="34" y="319.67">
    "Email 15"
  <text data-kind="tick" part="sp-text" text-anchor="start" x="426" y="121.53">
    "Signup 42"
  <text data-kind="tick" part="sp-text" text-anchor="start" x="426" y="265.53">
    "Bounce 48"
  <text data-kind="tick" part="sp-text" text-anchor="end" x="606" y="198">
    "Paid 18"