<svg aria-labelledby="radial-rings--silverpoint--cream--ink--lg--per-shape-title radial-rings--silverpoint--cream--ink--lg--per-shape-desc" class="sp-chart sp-ground-silverpoint" data-mode="ink" data-substrate="cream" height="390" role="img" viewBox="0 0 640 390" width="640" xmlns="http://www.w3.org/2000/svg">
  <title id="radial-rings--silverpoint--cream--ink--lg--per-shape-title">
    "Daily goals"
  <desc id="radial-rings--silverpoint--cream--ink--lg--per-shape-desc">
    "Daily goals. 3 concentric tracks, outermost first: Move 82%, Exercise 64%, Stand 100%."
  <path d="M0.5 0.5 C133.17 -0.17, 265.01 0.09, 639.5 0.5 M0.5 0.5 C183.44 0.41, 366.26 0.52, 639.5 0.5 M639.5 0.5 C639.31 143.29, 639.58 286.19, 639.5 389.5 M639.5 0.5 C639.22 87.46, 639.54 174.25, 639.5 389.5 M639.5 389.5 C454 388.73, 269 388.69, 0.5 389.5 M639.5 389.5 C404 389.99, 168.67 389.93, 0.5 389.5 M0.5 389.5 C1.03 266.72, 1.33 144.05, 0.5 0.5 M0.5 389.5 C0.17 244.36, 0.5 98.64, 0.5 0.5" data-paint="stroke" data-role="ornament" part="sp-rule">
  <path d="M16 352 C142.22 352.34, 267.93 352.02, 624 352 M16 352 C194.43 351.81, 373.16 351.55, 624 352" data-paint="stroke" data-role="ornament" part="sp-rule">
  <path d="M259 62.1 C359.71 61.81, 424.69 171.72, 373.23 259.95 M259 62.1 C359.94 62.98, 424.94 172.03, 373.23 259.95 M373.23 259.95 C348.94 299.96, 305.77 326.32, 259 325.9 M373.23 259.95 C348.76 301.78, 305.76 325.25, 259 325.9 M259 325.9 C157.73 326.24, 94.62 215.96, 144.77 128.05 M259 325.9 C156.61 325.48, 94.23 215.34, 144.77 128.05 M144.77 128.05 C168.84 87.54, 212.43 61.75, 259 62.1 M144.77 128.05 C168.99 87.94, 211.98 62.69, 259 62.1" data-paint="stroke" data-role="ornament" part="sp-grid">
  <path d="M128.51 132.91 C128.51 132.91, 128.51 132.91, 128.51 132.91 M128.51 132.91 C128.51 132.91, 128.51 132.91, 128.51 132.91 M121.42 153.25 C126.43 147.6, 130.92 141.62, 136.51 135.9 M121.42 153.25 C125.27 148.04, 129.61 143.59, 136.51 135.9 M117.62 169.82 C128.38 158.67, 138.38 146.38, 143.86 139.63 M117.62 169.82 C125.73 160.24, 133.94 151.12, 143.86 139.63 M115.79 184.13 C125.13 174.97, 133.75 164.06, 151.21 143.37 M115.79 184.13 C125.71 173.17, 135.96 161.36, 151.21 143.37 M115.26 196.92 C121.58 189.89, 127.38 182.78, 144.13 163.72 M115.26 196.92 C124.96 185.88, 134.99 174.12, 144.13 163.72 M116.05 208.21 C124.42 197.77, 132.74 188.22, 140.33 180.28 M116.05 208.21 C123.94 199.9, 131.36 190.84, 140.33 180.28 M117.5 218.74 C123.91 211.78, 129.42 204.31, 139.15 193.84 M117.5 218.74 C125.4 209.86, 132.66 201.55, 139.15 193.84 M259.86 54.97 C261.22 53.71, 262.35 52.33, 263.14 51.2 M259.86 54.97 C260.77 54.04, 261.41 53.01, 263.14 51.2 M119.6 228.52 C123.55 223.93, 127.88 218.92, 139.94 205.12 M119.6 228.52 C127.62 219.47, 134.94 211.06, 139.94 205.12 M260 67.01 C264.47 61.71, 269.05 56.93, 273.12 51.92 M260 67.01 C264.87 62.16, 269.34 56.61, 273.12 51.92 M122.36 237.54 C126.2 232.85, 130.52 229.57, 141.38 215.65 M122.36 237.54 C128.65 231.21, 134.09 224.19, 141.38 215.65 M264.07 74.52 C271.51 65.79, 277.89 57.93, 283.09 52.64 M264.07 74.52 C269.96 67.87, 275.91 60.31, 283.09 52.64 M125.77 245.81 C131.97 238.66, 137.56 231.5, 144.14 224.67 M125.77 245.81 C132.77 238.33, 138.65 230.61, 144.14 224.67 M274.04 75.24 C280.19 68.11, 285.6 61.47, 292.41 54.11 M274.04 75.24 C279.81 68.58, 285.29 61.7, 292.41 54.11 M128.53 254.83 C133.39 249.15, 137.15 245.78, 146.9 233.7 M128.53 254.83 C136.23 246.55, 143.07 237.89, 146.9 233.7 M282.7 77.47 C286.19 72.78, 290.47 69.37, 300.41 57.09 M282.7 77.47 C288.49 71, 295.05 64.12, 300.41 57.09 M132.6 262.34 C137.28 257.61, 141.82 250.89, 150.31 241.96 M132.6 262.34 C135.87 258.25, 140.37 253.34, 150.31 241.96 M292.02 78.95 C296.85 72.67, 301.92 67.2, 309.08 59.32 M292.02 78.95 C295.47 75.08, 298.89 70.7, 309.08 59.32 M136.67 269.85 C142.63 262.79, 150.34 253.96, 153.72 250.23 M136.67 269.85 C140.53 264.84, 145.28 259.99, 153.72 250.23 M300.03 81.93 C305.62 74.89, 310.52 69.84, 317.08 62.31 M300.03 81.93 C306.59 73.86, 313.73 66.22, 317.08 62.31 M141.39 276.61 C147.24 269.06, 154.36 261.37, 157.79 257.74 M141.39 276.61 C145.43 271.15, 150.48 266.28, 157.79 257.74 M308.03 84.92 C313.7 77.82, 319.65 72.52, 324.43 66.05 M308.03 84.92 C311.8 80.78, 315.01 77.41, 324.43 66.05 M146.12 283.37 C150.75 278.48, 155.87 273.54, 162.52 264.5 M146.12 283.37 C151.21 277.21, 156.18 272.25, 162.52 264.5 M315.38 88.65 C321.66 83.03, 325.7 76.41, 331.13 70.54 M315.38 88.65 C321.97 81.79, 327.67 73.8, 331.13 70.54 M151.5 289.37 C156.18 283.86, 161.85 277.68, 167.24 271.26 M151.5 289.37 C156.35 283.76, 160.86 278.37, 167.24 271.26 M322.73 92.39 C327.15 87.64, 331.34 81.57, 338.48 74.28 M322.73 92.39 C328.24 85.9, 333.91 79.86, 338.48 74.28 M156.88 295.38 C161.26 290.6, 164.38 286.31, 172.63 277.26 M156.88 295.38 C160.97 290.75, 164.55 286.09, 172.63 277.26 M329.42 96.89 C333.71 92.01, 339.15 86.23, 345.17 78.77 M329.42 96.89 C333.56 92.03, 338.37 86.48, 345.17 78.77 M162.26 301.38 C168.01 294.7, 175.44 287.25, 178.66 282.51 M162.26 301.38 C166.72 295.78, 171.61 290.46, 178.66 282.51 M335.46 102.14 C340.34 96.28, 346.12 89.81, 351.21 84.02 M335.46 102.14 C339.45 96.89, 343.98 92.06, 351.21 84.02 M168.96 305.87 C172.72 299.79, 178.12 295.67, 184.7 287.76 M168.96 305.87 C175.49 298.96, 181.15 291.45, 184.7 287.76 M341.5 107.38 C347.24 101.24, 352.62 93.96, 357.25 89.27 M341.5 107.38 C344.58 103.77, 348.41 99.77, 357.25 89.27 M175.65 310.37 C181.41 303.68, 187.49 296.39, 191.4 292.25 M175.65 310.37 C179.38 305.42, 184.19 300.84, 191.4 292.25 M347.54 112.63 C351.88 107.26, 356.39 101.5, 363.28 94.52 M347.54 112.63 C351.25 108.49, 355.22 103.48, 363.28 94.52 M181.69 315.62 C186.47 309.24, 190.9 304.41, 198.09 296.75 M181.69 315.62 C185.57 310.89, 190.26 306.34, 198.09 296.75 M352.26 119.39 C357.38 112.27, 363.86 105.39, 368.01 101.28 M352.26 119.39 C357.71 112.84, 363.37 106.59, 368.01 101.28 M189.04 319.35 C195.43 312.84, 200.86 305.82, 205.44 300.49 M189.04 319.35 C193.16 314.33, 197.06 310.03, 205.44 300.49 M357.64 125.39 C361.98 119.94, 367.24 113.2, 373.39 107.28 M357.64 125.39 C363.4 119.1, 369.85 112.1, 373.39 107.28 M196.39 323.09 C202.7 315.37, 208.59 309.35, 212.79 304.23 M196.39 323.09 C202.52 315.9, 208.99 308.13, 212.79 304.23 M361.71 132.91 C368.83 125.08, 373.96 117.38, 378.77 113.28 M361.71 132.91 C367.97 125.53, 373.52 119.29, 378.77 113.28 M203.74 326.83 C207.53 321.8, 211.1 318.13, 220.14 307.96 M203.74 326.83 C209.13 320.55, 214.54 313.99, 220.14 307.96 M365.78 140.42 C369.42 135.56, 374.18 130.66, 382.84 120.8 M365.78 140.42 C372.4 132.69, 378.69 125.88, 382.84 120.8 M211.74 329.82 C215.29 326.08, 219.1 320.63, 228.8 310.19 M211.74 329.82 C218.25 322.68, 224.66 315.1, 228.8 310.19 M369.85 147.93 C376.23 139.92, 381.5 132.91, 386.91 128.31 M369.85 147.93 C373.89 143.72, 376.86 139.93, 386.91 128.31 M220.4 332.05 C224.05 327.69, 228.44 323.38, 237.46 312.42 M220.4 332.05 C226.64 324.43, 233.77 316.91, 237.46 312.42 M372.61 156.95 C379.37 149.93, 384.53 142.57, 390.98 135.82 M372.61 156.95 C376.13 152.95, 379.69 148.26, 390.98 135.82 M228.41 335.03 C234.28 328.97, 239.18 324.31, 247.44 313.14 M228.41 335.03 C232.63 329.7, 237.08 325.35, 247.44 313.14 M375.37 165.98 C379.57 162.22, 382.75 156.72, 394.39 144.09 M375.37 165.98 C382.65 156.78, 390.6 148.71, 394.39 144.09 M237.73 336.51 C242.5 330.58, 248.85 324.19, 257.41 313.86 M237.73 336.51 C243.89 329.07, 251.02 321.71, 257.41 313.86 M377.47 175.75 C383.83 168.01, 390.96 160.09, 397.15 153.11 M377.47 175.75 C381.86 170.28, 386.76 165.19, 397.15 153.11 M247.7 337.23 C254.57 330.06, 261.32 321.18, 268.04 313.83 M247.7 337.23 C254.83 328.86, 261.91 320.89, 268.04 313.83 M378.91 186.28 C386.89 177.06, 393.02 169.93, 399.91 162.13 M378.91 186.28 C383.56 181.03, 387.6 176.44, 399.91 162.13 M257.68 337.95 C264.25 331.77, 268.83 324.34, 279.98 312.29 M257.68 337.95 C264.5 329.98, 271.57 322.43, 279.98 312.29 M379.05 198.32 C384 192.24, 389.17 186.83, 401.35 172.66 M379.05 198.32 C383.91 192.36, 389.26 186.59, 401.35 172.66 M268.31 337.91 C274.04 331.07, 279.23 325.73, 293.89 308.48 M268.31 337.91 C273.8 331.01, 279.46 324.95, 293.89 308.48 M377.87 211.88 C384.64 203.3, 391.06 196.15, 402.8 183.2 M377.87 211.88 C386.24 202.19, 393.98 193.28, 402.8 183.2 M279.59 337.12 C287.97 327.28, 296.62 317.88, 309.77 302.41 M279.59 337.12 C288.18 327.66, 296.94 317.18, 309.77 302.41 M374.07 228.44 C383.23 218.62, 391.26 209.69, 402.93 195.24 M374.07 228.44 C381.88 219.81, 388.95 211.23, 402.93 195.24 M292.85 334.07 C304.3 321.15, 317.15 306.68, 330.9 290.3 M292.85 334.07 C304.38 320.62, 315.64 307.77, 330.9 290.3 M363.7 252.56 C377.83 235.18, 393.34 218.99, 401.75 208.79 M363.7 252.56 C375.73 239.3, 387.23 225.6, 401.75 208.79 M308.07 328.75 C328.15 305.35, 348.43 282.28, 400.57 222.34 M308.07 328.75 C331.16 302.61, 353.9 275.58, 400.57 222.34 M323.95 322.68 C343.88 300.74, 364.25 278.25, 394.8 241.17 M323.95 322.68 C348.02 294.2, 372.14 266.86, 394.8 241.17 M349.01 306.04 C360.57 291.86, 372.29 280.11, 382.47 267.55 M349.01 306.04 C359.39 294.47, 369.45 282.6, 382.47 267.55" data-paint="stroke" data-role="hatch" part="sp-ink">
  <path d="M259,50A144,144,0,0,1,336.16,315.58A144,144,0,0,1,128.7,132.69L150.59,142.99A119.81,119.81,0,0,0,323.2,295.16A119.81,119.81,0,0,0,259,74.19Z" data-paint="stroke" data-role="encoding" part="sp-ink">
  <path d="M259 95.7 C333.85 95.2, 382.61 178.1, 344.13 243.15 M259 95.7 C333.75 96.1, 381.3 177.79, 344.13 243.15 M344.13 243.15 C326.99 273.85, 294.76 292.12, 259 292.3 M344.13 243.15 C326.47 273.82, 294.76 291.52, 259 292.3 M259 292.3 C183.82 292.78, 135.8 209.67, 173.87 144.85 M259 292.3 C184.25 292.26, 136.67 210.67, 173.87 144.85 M173.87 144.85 C191.22 115.05, 224.46 95.64, 259 95.7 M173.87 144.85 C190.78 113.67, 222.94 95.25, 259 95.7" data-paint="stroke" data-role="ornament" part="sp-grid">
  <path d="M259.11 83.47 C259.11 83.47, 259.11 83.47, 259.11 83.47 M259.11 83.47 C259.11 83.47, 259.11 83.47, 259.11 83.47 M259.25 95.51 C262.26 92.53, 265.16 88.97, 269.09 84.19 M259.25 95.51 C261.83 92.38, 264.08 89.68, 269.09 84.19 M259.38 107.55 C263.94 103.1, 268.9 96.83, 278.41 85.66 M259.38 107.55 C264.41 101, 269.86 95.38, 278.41 85.66 M269.35 108.27 C272.73 103.91, 277.65 99.04, 287.72 87.14 M269.35 108.27 C273.89 102.36, 279.28 96.87, 287.72 87.14 M278.02 110.5 C283.74 103.18, 290.89 96.21, 295.73 90.12 M278.02 110.5 C282.53 105.31, 286.94 99.65, 295.73 90.12 M286.02 113.48 C291.61 108.27, 295.42 101.81, 303.74 93.11 M286.02 113.48 C290.31 108.58, 294.34 103.37, 303.74 93.11 M294.68 115.71 C299.56 111.24, 302.35 106.91, 311.09 96.85 M294.68 115.71 C300.26 108.86, 306.38 101.59, 311.09 96.85 M174.76 265.87 C175.81 264.99, 176.79 263.31, 179.35 260.58 M174.76 265.87 C176.2 263.99, 177.65 262.47, 179.35 260.58 M302.03 119.45 C307.99 111.85, 314.2 105.89, 318.44 100.59 M302.03 119.45 C305.23 114.83, 308.96 110.8, 318.44 100.59 M180.8 271.12 C185.48 267.08, 189.52 261.28, 196.54 253 M180.8 271.12 C185.27 266.42, 189.2 261.53, 196.54 253 M308.73 123.95 C315.12 117.09, 320.99 111.29, 325.13 105.08 M308.73 123.95 C313.74 118.03, 318.35 112.31, 325.13 105.08 M186.18 277.12 C190.06 274.17, 191.97 270.02, 201.92 259.01 M186.18 277.12 C190.86 271.38, 195.8 266.04, 201.92 259.01 M314.77 129.2 C320.14 122.96, 325.55 115.93, 331.17 110.33 M314.77 129.2 C318.18 125, 322.6 120.28, 331.17 110.33 M192.22 282.37 C196.41 276.3, 202.22 270.79, 208.62 263.5 M192.22 282.37 C195.91 277.96, 199.77 273.68, 208.62 263.5 M320.8 134.44 C324.23 130.01, 328.76 125.27, 337.2 115.58 M320.8 134.44 C324.35 130.36, 328.45 125.56, 337.2 115.58 M198.91 286.86 C203.66 280.3, 209.07 274.95, 215.31 267.99 M198.91 286.86 C205.02 279.95, 210.89 272.87, 215.31 267.99 M326.18 140.45 C330.38 134.22, 335.71 129.84, 342.59 121.58 M326.18 140.45 C331.94 134.37, 336.99 128.46, 342.59 121.58 M206.26 290.6 C210 285.59, 214.93 280.19, 222.66 271.73 M206.26 290.6 C209.38 286.99, 213.07 283.16, 222.66 271.73 M330.91 147.2 C335.18 141.7, 339.69 136.76, 347.31 128.34 M330.91 147.2 C336.13 141.04, 341.47 135.84, 347.31 128.34 M213.61 294.34 C219.24 288.37, 224.32 282.44, 230.67 274.72 M213.61 294.34 C219.48 288.08, 224.92 281.77, 230.67 274.72 M334.98 154.72 C338.18 150.82, 343.12 145.71, 352.04 135.09 M334.98 154.72 C341.44 147.02, 347.82 140.31, 352.04 135.09 M220.96 298.08 C228.14 290.48, 234.85 281.72, 238.67 277.7 M220.96 298.08 C226.69 291.35, 232.74 285.27, 238.67 277.7 M339.05 162.23 C344.05 157.05, 348.83 151.07, 356.11 142.61 M339.05 162.23 C344.36 156.54, 349.28 150.41, 356.11 142.61 M229.62 300.31 C235.24 294.4, 239.02 289.88, 247.99 279.18 M229.62 300.31 C233.99 295.18, 238.25 290.07, 247.99 279.18 M341.81 171.25 C347.7 164.79, 353.79 157.81, 360.18 150.12 M341.81 171.25 C347.1 165.77, 351.75 160.47, 360.18 150.12 M238.28 302.54 C243.42 297.09, 250.14 289.68, 257.96 279.9 M238.28 302.54 C244.74 294.55, 251.38 287.08, 257.96 279.9 M343.91 181.03 C349.37 174.78, 355.02 167.33, 363.59 158.39 M343.91 181.03 C348.26 176.25, 353.13 170.66, 363.59 158.39 M247.6 304.01 C254.66 296.32, 260.84 289.31, 268.59 279.86 M247.6 304.01 C254.77 295.69, 262.21 287.71, 268.59 279.86 M346.01 190.81 C351.35 185.62, 356.32 179.27, 366.35 167.41 M346.01 190.81 C352.95 183.49, 359.34 175.78, 366.35 167.41 M257.57 304.73 C264.26 296.14, 271.76 288.49, 280.54 278.32 M257.57 304.73 C262.57 299.21, 266.95 293.85, 280.54 278.32 M344.83 204.36 C353.23 193.27, 361.94 183.09, 368.45 177.19 M344.83 204.36 C351.83 196.13, 359.53 188, 368.45 177.19 M268.2 304.7 C278.36 293.3, 287.02 282.77, 297.73 270.74 M268.2 304.7 C277.56 293.29, 287.32 282, 297.73 270.74 M341.68 220.17 C352.72 207.98, 363.36 195.31, 369.89 187.72 M341.68 220.17 C349.34 211.59, 357.53 202.04, 369.89 187.72 M280.8 302.4 C303.21 276.63, 327.46 249.43, 370.03 199.76 M280.8 302.4 C311.28 267.79, 341.3 233.22, 370.03 199.76 M294.06 299.35 C318.16 272.57, 340.67 245.75, 368.19 214.06 M294.06 299.35 C322.32 266.79, 350.97 234.22, 368.19 214.06 M311.25 291.76 C328.79 271.42, 345.88 252.64, 362.42 232.9 M311.25 291.76 C327.53 273.52, 343.54 255.36, 362.42 232.9" data-paint="stroke" data-role="hatch" part="sp-ink">
  <path d="M259,83.6A110.4,110.4,0,0,1,358.89,241.01A110.4,110.4,0,0,1,173.94,264.37L192.58,248.95A86.21,86.21,0,0,0,337,230.71A86.21,86.21,0,0,0,259,107.79Z" data-paint="stroke" data-role="encoding" part="sp-ink">
  <path d="M259 129.3 C307.99 128.6, 340.52 182.68, 315.03 226.35 M259 129.3 C309.63 129.22, 339.72 183.55, 315.03 226.35 M315.03 226.35 C303.23 245.95, 281.96 257.91, 259 258.7 M315.03 226.35 C304.18 245.85, 281.69 257.78, 259 258.7 M259 258.7 C209.91 259.32, 178.78 205.18, 202.97 161.65 M259 258.7 C209.81 259.03, 177.05 203.93, 202.97 161.65 M202.97 161.65 C215.39 140.76, 236.5 129.54, 259 129.3 M202.97 161.65 C214.64 141.48, 235.97 129.88, 259 129.3" data-paint="stroke" data-role="ornament" part="sp-grid">
  <path d="M204.79 139.6 C204.79 139.6, 204.79 139.6, 204.79 139.6 M204.79 139.6 C204.79 139.6, 204.79 139.6, 204.79 139.6 M184.59 175.03 C194.26 164.14, 205 151.58, 229.86 122.96 M184.59 175.03 C194.09 163.92, 203.25 153.31, 229.86 122.96 M183.41 188.58 C208.09 160.68, 231.4 134.62, 243.77 119.15 M183.41 188.58 C204.29 164.47, 225.11 141.11, 243.77 119.15 M182.89 201.38 C206.18 174.82, 229.7 148.41, 255.71 117.61 M182.89 201.38 C205.02 176.32, 226.12 151.65, 255.71 117.61 M184.99 211.16 C190.9 204.56, 195.28 199.72, 207.95 184.74 M184.99 211.16 C191.26 204.68, 196.69 197, 207.95 184.74 M242.72 144.74 C247.51 139.37, 250.47 134.7, 259.78 125.12 M242.72 144.74 C248.12 138.63, 253.17 132.67, 259.78 125.12 M259.78 125.12 C261.79 122.76, 263.6 119.93, 265.68 118.33 M259.78 125.12 C261.36 123.24, 262.68 121.55, 265.68 118.33 M187.74 220.18 C195.79 212.05, 202.08 203.49, 207.43 197.54 M187.74 220.18 C192.5 215.13, 196.79 209.3, 207.43 197.54 M255.32 142.44 C256.89 140.82, 258.32 139.02, 259.91 137.16 M255.32 142.44 C256.71 140.58, 258.42 138.83, 259.91 137.16 M259.91 137.16 C263.17 134.15, 265.4 129.18, 275 119.8 M259.91 137.16 C264.53 131.34, 268.94 126.18, 275 119.8 M191.16 228.45 C195.87 224.45, 200.15 218.62, 208.87 208.07 M191.16 228.45 C197.34 222.13, 202.34 215.37, 208.87 208.07 M265.95 142.41 C271.8 136.24, 277.82 129.27, 283.66 122.03 M265.95 142.41 C269.65 138.14, 273.38 133.84, 283.66 122.03 M195.23 235.96 C201.56 229.13, 207.75 221.64, 212.28 216.34 M195.23 235.96 C198.61 231.83, 202.18 228.06, 212.28 216.34 M275.27 143.88 C279.68 137.39, 284.6 132.43, 291.67 125.02 M275.27 143.88 C279.13 139.18, 283.03 134.52, 291.67 125.02 M199.95 242.72 C203.71 237.79, 208.35 232.59, 216.35 223.85 M199.95 242.72 C203.55 239.15, 206.92 234.6, 216.35 223.85 M282.62 147.62 C288.93 140.89, 293.67 134.5, 299.02 128.76 M282.62 147.62 C288.24 140.74, 294.1 134.86, 299.02 128.76 M205.33 248.72 C209.3 244.9, 211.8 241.35, 221.08 230.61 M205.33 248.72 C209.84 244.29, 213.56 239.27, 221.08 230.61 M289.97 151.36 C294.68 146.96, 297.42 141.58, 305.71 133.25 M289.97 151.36 C294.98 145.47, 299.64 140.03, 305.71 133.25 M211.37 253.97 C217.14 248.04, 222.72 240.26, 227.12 235.86 M211.37 253.97 C217.58 246.98, 223.58 240, 227.12 235.86 M296 156.61 C301.71 150.59, 307.16 143.9, 311.75 138.5 M296 156.61 C301.42 150.41, 306.75 143.68, 311.75 138.5 M218.07 258.46 C221.95 254.32, 223.93 250.2, 233.81 240.35 M218.07 258.46 C222.59 253.02, 227.3 248.34, 233.81 240.35 M301.38 162.61 C308.08 154.99, 313.76 149.61, 317.13 144.5 M301.38 162.61 C306.46 156.3, 312.35 150.32, 317.13 144.5 M224.76 262.96 C229.45 255.79, 235.69 249.9, 241.82 243.33 M224.76 262.96 C230.21 256.44, 236.39 249.76, 241.82 243.33 M305.45 170.13 C309.54 165.75, 313.46 159.38, 322.51 150.5 M305.45 170.13 C308.52 165.92, 312.34 162.3, 322.51 150.5 M232.76 265.94 C238.02 259.64, 244.28 251.41, 250.48 245.56 M232.76 265.94 C237.69 260.05, 242.05 254.43, 250.48 245.56 M308.87 178.39 C315.52 172.08, 320.12 165.25, 326.58 158.02 M308.87 178.39 C313.48 173.68, 317.61 168.83, 326.58 158.02 M241.43 268.17 C246.2 263.17, 251.31 256.88, 259.8 247.04 M241.43 268.17 C245.61 263.61, 249.79 259.08, 259.8 247.04 M310.97 188.17 C316.68 181.78, 321.96 175.37, 330.65 165.53 M310.97 188.17 C316.56 182.03, 322.26 175.28, 330.65 165.53 M250.09 270.4 C255.35 264.47, 259.32 260.07, 271.74 245.49 M250.09 270.4 C255.89 263.06, 261.99 256.63, 271.74 245.49 M311.1 200.21 C318.98 189.95, 327.28 180.68, 332.75 175.31 M311.1 200.21 C317.46 192.94, 323.65 185.61, 332.75 175.31 M260.72 270.36 C269.19 261.14, 276.81 252.32, 290.24 236.4 M260.72 270.36 C272.27 257.82, 283.62 244.84, 290.24 236.4 M306.64 217.54 C316.69 207.2, 324.58 195.55, 335.51 184.33 M306.64 217.54 C318.26 204.81, 328.85 191.35, 335.51 184.33 M271.35 270.33 C286.6 253.06, 301.79 235.28, 335.64 196.37 M271.35 270.33 C295.7 241.82, 320.1 213.77, 335.64 196.37 M285.26 266.52 C303.24 245.83, 319.83 226.35, 333.81 210.67 M285.26 266.52 C296.04 253.95, 307.28 241.92, 333.81 210.67 M305.73 255.17 C310.69 250.26, 314.45 243.94, 325.41 232.53 M305.73 255.17 C313.18 246.06, 321.29 236.98, 325.41 232.53" data-paint="stroke" data-role="hatch" part="sp-ink">
  <path d="M259,117.2A76.8,76.8,0,0,1,259,270.8A76.8,76.8,0,0,1,259,117.2L259,141.39A52.61,52.61,0,0,0,259,246.61A52.61,52.61,0,0,0,259,141.39Z" data-paint="stroke" data-role="encoding" part="sp-ink">
  <path d="M513.75 176.29 C513.75 176.29, 513.75 176.29, 513.75 176.29 M513.75 176.29 C513.75 176.29, 513.75 176.29, 513.75 176.29 M518.47 183.05 C519.59 181.43, 521.26 180.33, 523.07 177.77 M518.47 183.05 C520.12 181.19, 521.35 179.49, 523.07 177.77" data-paint="stroke" data-role="hatch" part="sp-ink">
  <path d="M514 176 C515.99 176.18, 517.55 176.08, 523 176 M514 176 C517.31 176.07, 520.14 176.14, 523 176 M523 176 C523.28 178.45, 522.92 181.08, 523 183 M523 176 C523.01 178.48, 523.1 181.24, 523 183 M523 183 C519.36 182.57, 516.37 183.24, 514 183 M523 183 C520.07 182.88, 517.35 182.89, 514 183 M514 183 C513.91 180.69, 514.03 177.93, 514 176 M514 183 C514.11 180.67, 513.87 178.06, 514 176" data-paint="stroke" data-role="ornament" part="sp-ink">
  <path d="M514.12 189.86 C514.12 189.86, 514.12 189.86, 514.12 189.86 M514.12 189.86 C514.12 189.86, 514.12 189.86, 514.12 189.86 M518.19 197.38 C520.34 194.82, 522.06 192.85, 523.44 191.34 M518.19 197.38 C519.41 195.97, 520.26 194.79, 523.44 191.34" data-paint="stroke" data-role="hatch" part="sp-ink">
  <path d="M514 190 C515.77 189.74, 517.46 189.79, 523 190 M514 190 C517.09 190.04, 520.55 190.1, 523 190 M523 190 C523.29 191.24, 522.78 192.6, 523 197 M523 190 C523.13 192.79, 523.13 195.36, 523 197 M523 197 C520.13 196.68, 517.42 197.33, 514 197 M523 197 C520.21 197.09, 516.82 196.86, 514 197 M514 197 C514.12 194.45, 513.93 192.24, 514 190 M514 197 C513.86 195.19, 514.05 193.59, 514 190" data-paint="stroke" data-role="ornament" part="sp-ink">
  <path d="M513.83 204.19 C513.83 204.19, 513.83 204.19, 513.83 204.19 M513.83 204.19 C513.83 204.19, 513.83 204.19, 513.83 204.19 M518.56 210.95 C519.63 209.81, 521.32 207.87, 523.15 205.67 M518.56 210.95 C520 209.26, 521.18 207.84, 523.15 205.67" data-paint="stroke" data-role="hatch" part="sp-ink">
  <path d="M514 204 C515.54 204.06, 518.18 204.26, 523 204 M514 204 C517.27 203.96, 520.57 204.01, 523 204 M523 204 C523.33 206.06, 523.3 207.55, 523 211 M523 204 C522.9 205.38, 523.12 207, 523 211 M523 211 C520.9 210.74, 518.46 211.38, 514 211 M523 211 C519.94 210.85, 516.69 211.18, 514 211 M514 211 C513.71 208.2, 513.82 205.93, 514 204 M514 211 C513.93 208.63, 513.91 206, 514 204" data-paint="stroke" data-role="ornament" part="sp-ink">
  <text data-kind="title" part="sp-text" text-anchor="start" x="16" y="27">
    "Daily goals"
  <text data-kind="badge" part="sp-axis" text-anchor="end" x="624" y="27">
    "today"
  <text data-kind="footer" part="sp-axis" text-anchor="start" x="16" y="370">
    "percent reached"
  <text data-kind="footer" part="sp-axis" text-anchor="end" x="624" y="370">
    "silverpoint"
  <text data-kind="tick" part="sp-text" text-anchor="start" x="528" y="183">
    "Move"
  <text data-kind="tick" part="sp-axis" text-anchor="end" x="624" y="183">
    "82%"
  <text data-kind="tick" part="sp-text" text-anchor="start" x="528" y="197">
    "Exercise"
  <text data-kind="tick" part="sp-axis" text-anchor="end" x="624" y="197">
    "64%"
  <text data-kind="tick" part="sp-text" text-anchor="start" x="528" y="211">
    "Stand"
  <text data-kind="tick" part="sp-axis" text-anchor="end" x="624" y="211">
    "100%"