<svg aria-labelledby="heatmap-chart--silverpoint--green--ink--lg--per-shape-title heatmap-chart--silverpoint--green--ink--lg--per-shape-desc" class="sp-chart sp-ground-silverpoint" data-mode="ink" data-substrate="green" height="390" role="img" viewBox="0 0 640 390" width="640" xmlns="http://www.w3.org/2000/svg">
  <title id="heatmap-chart--silverpoint--green--ink--lg--per-shape-title">
    "Load by weekday"
  <desc id="heatmap-chart--silverpoint--green--ink--lg--per-shape-desc">
    "Load by weekday. Heatmap of 5 rows by 6 columns, toned against 100; values range from 6 to 93."
  <path d="M0.5 0.5 C133.17 -0.17, 265.01 0.09, 639.5 0.5 M0.5 0.5 C183.44 0.41, 366.26 0.52, 639.5 0.5 M639.5 0.5 C639.31 143.29, 639.58 286.19, 639.5 389.5 M639.5 0.5 C639.22 87.46, 639.54 174.25, 639.5 389.5 M639.5 389.5 C454 388.73, 269 388.69, 0.5 389.5 M639.5 389.5 C404 389.99, 168.67 389.93, 0.5 389.5 M0.5 389.5 C1.03 266.72, 1.33 144.05, 0.5 0.5 M0.5 389.5 C0.17 244.36, 0.5 98.64, 0.5 0.5" data-paint="stroke" data-role="ornament" part="sp-rule">
  <path d="M16 352 C142.22 352.34, 267.93 352.02, 624 352 M16 352 C194.43 351.81, 373.16 351.55, 624 352" data-paint="stroke" data-role="ornament" part="sp-rule">
  <path d="M63.1 50.88 C63.1 50.88, 63.1 50.88, 63.1 50.88 M63.1 50.88 C63.1 50.88, 63.1 50.88, 63.1 50.88 M62.78 66.5 C66.71 62.83, 69.77 57.75, 76.56 50.65 M62.78 66.5 C65.67 62.62, 69.82 59.07, 76.56 50.65 M63.11 81.36 C70.9 73.59, 78.26 63.91, 89.35 51.17 M63.11 81.36 C72.18 71.41, 80.99 61, 89.35 51.17 M62.78 96.98 C73.19 84.88, 83.71 73.79, 102.8 50.94 M62.78 96.98 C72.42 86, 81.45 75.33, 102.8 50.94 M67.05 107.31 C81.31 91.05, 94.45 76.81, 116.25 50.71 M67.05 107.31 C82.03 89.85, 97.49 72.82, 116.25 50.71 M80.5 107.08 C91.24 95.4, 102.07 82.35, 129.05 51.23 M80.5 107.08 C95.37 90.11, 109.84 73.95, 129.05 51.23 M93.95 106.85 C104.1 94.62, 114.93 84.38, 142.5 51 M93.95 106.85 C112.02 86.41, 129.87 65.8, 142.5 51 M107.4 106.62 C119.46 91.85, 132.45 78.78, 153.99 53.03 M107.4 106.62 C119.54 92.61, 132.15 78.29, 153.99 53.03 M120.2 107.14 C131.76 95.42, 141.6 81.71, 154.32 67.89 M120.2 107.14 C131.92 93.45, 143.38 80.81, 154.32 67.89 M133.65 106.91 C139.21 99.91, 147.18 92.64, 153.99 83.51 M133.65 106.91 C140.9 98.82, 148.32 90.43, 153.99 83.51 M147.1 106.68 C148.27 104.93, 150.38 103.28, 154.32 98.37 M147.1 106.68 C149.2 104.49, 151.05 102.09, 154.32 98.37" data-paint="stroke" data-role="hatch" part="sp-ink">
  <path d="M63,51H153.67V106.6H63Z" data-paint="stroke" data-role="encoding" part="sp-ink">
  <path d="M155.91 50.73 C155.91 50.73, 155.91 50.73, 155.91 50.73 M155.91 50.73 C155.91 50.73, 155.91 50.73, 155.91 50.73 M155.38 63.52 C158.9 59.16, 164 53.47, 166.54 50.69 M155.38 63.52 C158.62 59.33, 162.3 55.53, 166.54 50.69 M155.52 75.56 C162.89 66.36, 170.78 56.94, 177.17 50.66 M155.52 75.56 C162.76 67.12, 169.96 58.87, 177.17 50.66 M155.65 87.6 C167.93 73.19, 180.46 59.26, 187.8 50.62 M155.65 87.6 C163.51 78.54, 171.46 69.18, 187.8 50.62 M155.78 99.65 C169.61 83.33, 182.09 68.03, 197.77 51.34 M155.78 99.65 C169.95 82.89, 185.34 65.82, 197.77 51.34 M159.85 107.16 C178.34 86.22, 195.69 65.52, 208.4 51.31 M159.85 107.16 C174.94 89.95, 190.9 72.36, 208.4 51.31 M170.48 107.12 C181.5 93.64, 194.71 80.85, 219.03 51.27 M170.48 107.12 C182.57 93.68, 194.2 80, 219.03 51.27 M181.11 107.09 C192.53 93.29, 205.14 80.15, 229.66 51.24 M181.11 107.09 C191.65 95.27, 201.23 83.36, 229.66 51.24 M191.74 107.05 C206.06 91.18, 221.21 74.34, 240.29 51.21 M191.74 107.05 C207.36 88.95, 223.42 70.49, 240.29 51.21 M202.37 107.02 C211.05 96.9, 220.71 85.5, 246.99 55.7 M202.37 107.02 C214.95 92.53, 228.43 77.5, 246.99 55.7 M213 106.99 C224.12 95.28, 234.7 81.43, 246.46 68.5 M213 106.99 C221.41 97.49, 229.47 88.2, 246.46 68.5 M223.63 106.95 C231 98.98, 238.28 89.6, 246.6 80.54 M223.63 106.95 C230.46 98.69, 237.84 90.48, 246.6 80.54 M234.26 106.92 C239.02 102.58, 243.73 97.44, 246.73 92.58 M234.26 106.92 C237.59 103, 240.98 99.31, 246.73 92.58 M244.89 106.88 C245.65 106.12, 246.56 105.11, 246.86 104.62 M244.89 106.88 C245.52 106.19, 246.08 105.43, 246.86 104.62" data-paint="stroke" data-role="hatch" part="sp-ink">
  <path d="M155.67,51H246.33V106.6H155.67Z" data-paint="stroke" data-role="encoding" part="sp-ink">
  <path d="M248.05 51.32 C248.05 51.32, 248.05 51.32, 248.05 51.32 M248.05 51.32 C248.05 51.32, 248.05 51.32, 248.05 51.32 M248.64 59.79 C250.81 57.51, 252.56 55.3, 256.51 50.73 M248.64 59.79 C249.99 57.85, 251.76 56.32, 256.51 50.73 M248.58 69.01 C252.96 65.23, 255.18 61.13, 264.32 50.89 M248.58 69.01 C253.6 63.41, 258.81 56.87, 264.32 50.89 M248.51 78.23 C255.73 69.47, 263.33 62.49, 272.13 51.06 M248.51 78.23 C254.29 71.24, 260.87 64.43, 272.13 51.06 M248.45 87.45 C260.01 74.99, 271.77 60.77, 279.94 51.22 M248.45 87.45 C261.09 73.78, 272.76 59.69, 279.94 51.22 M248.38 96.67 C262.41 82.38, 273.8 66.59, 288.4 50.63 M248.38 96.67 C261.72 81.34, 275.43 65.58, 288.4 50.63 M248.32 105.88 C261.83 91.09, 275.44 74.17, 296.21 50.79 M248.32 105.88 C263.63 88.5, 278.54 70.83, 296.21 50.79 M255.47 106.8 C266.05 94.56, 277.75 81.95, 304.02 50.95 M255.47 106.8 C272.99 87.23, 290.55 67.16, 304.02 50.95 M263.28 106.97 C275.78 92.19, 289.87 75.68, 311.83 51.12 M263.28 106.97 C278.76 89.46, 293.6 71.73, 311.83 51.12 M271.09 107.13 C285.37 89, 300.97 72.43, 319.64 51.28 M271.09 107.13 C282.53 93.88, 293.56 80.97, 319.64 51.28 M278.9 107.29 C289.61 93.82, 301.4 81.19, 328.1 50.69 M278.9 107.29 C289.48 95.9, 299.92 83.42, 328.1 50.69 M287.36 106.7 C298.35 94.76, 308.42 83.07, 335.91 50.85 M287.36 106.7 C303.93 87.64, 320.88 68.65, 335.91 50.85 M295.17 106.86 C310.27 90.96, 323.15 73.9, 339.13 56.3 M295.17 106.86 C311.49 87.53, 328.7 68.19, 339.13 56.3 M302.98 107.02 C311.41 97.56, 318.66 88.42, 339.72 64.76 M302.98 107.02 C313.41 95.92, 322.81 84.01, 339.72 64.76 M310.79 107.19 C319.09 96.37, 328.08 86.69, 339.65 73.98 M310.79 107.19 C317.73 99.39, 324.07 91.85, 339.65 73.98 M319.25 106.6 C325.31 99.38, 332.28 91.55, 339.59 83.2 M319.25 106.6 C324.91 99.63, 331.14 92.89, 339.59 83.2 M327.06 106.76 C330.39 103.38, 333.08 99.24, 339.53 92.42 M327.06 106.76 C331.43 101.92, 335.22 97.65, 339.53 92.42 M334.87 106.92 C336.97 104.62, 338.57 102.63, 339.46 101.64 M334.87 106.92 C335.91 105.67, 337.17 104.46, 339.46 101.64" data-paint="stroke" data-role="hatch" part="sp-ink">
  <path d="M248.33,51H339V106.6H248.33Z" data-paint="stroke" data-role="encoding" part="sp-ink">
  <path d="M340.85 51.17 C340.85 51.17, 340.85 51.17, 340.85 51.17 M340.85 51.17 C340.85 51.17, 340.85 51.17, 340.85 51.17 M340.79 60.39 C344.22 57.06, 346.77 53.76, 348.66 51.33 M340.79 60.39 C343.26 57.71, 345.24 54.97, 348.66 51.33 M340.72 69.61 C345.86 63.26, 351.48 58.18, 357.12 50.74 M340.72 69.61 C345.7 63.36, 351.11 56.91, 357.12 50.74 M341.32 78.07 C346.82 71.26, 350.93 65.72, 364.93 50.9 M341.32 78.07 C347.09 70.78, 353.47 64.12, 364.93 50.9 M341.25 87.29 C347.81 80.12, 354.1 72.16, 372.74 51.07 M341.25 87.29 C348.59 78.83, 355.7 70.76, 372.74 51.07 M341.19 96.51 C351.7 83.87, 363.72 71.34, 380.55 51.23 M341.19 96.51 C355 80.45, 368.92 64.6, 380.55 51.23 M341.12 105.73 C355.49 87.91, 371.45 70.27, 389.02 50.64 M341.12 105.73 C360.11 84.48, 378.47 62.64, 389.02 50.64 M348.28 106.65 C357.7 94.17, 368.51 83.88, 396.82 50.8 M348.28 106.65 C362.77 89.6, 377.69 72.53, 396.82 50.8 M356.08 106.81 C368.86 93.4, 380.1 79.01, 404.63 50.96 M356.08 106.81 C370.82 89.65, 385.34 73.53, 404.63 50.96 M363.89 106.97 C373.53 95.04, 384.52 83.63, 412.44 51.13 M363.89 106.97 C381.57 86, 399.61 65.36, 412.44 51.13 M371.7 107.14 C388.66 88.51, 404.41 68.25, 420.25 51.29 M371.7 107.14 C390.2 86.04, 407.91 64.61, 420.25 51.29 M379.51 107.3 C393.74 89.84, 407.99 74.28, 428.71 50.7 M379.51 107.3 C397.86 86.27, 415.79 65.36, 428.71 50.7 M387.97 106.71 C400.35 92.21, 413.7 78, 431.93 56.14 M387.97 106.71 C400.07 92.2, 412.8 78.12, 431.93 56.14 M395.78 106.87 C403.48 97.03, 413.38 87.94, 431.87 65.36 M395.78 106.87 C403.98 96.91, 412.5 87.65, 431.87 65.36 M403.59 107.03 C411.65 96.98, 420.01 87.1, 431.8 74.58 M403.59 107.03 C409.88 99.72, 415.76 93.09, 431.8 74.58 M411.4 107.2 C416.15 101.9, 420.06 95.69, 432.39 83.05 M411.4 107.2 C416.7 101.35, 421.94 94.54, 432.39 83.05 M419.86 106.61 C423.35 101.82, 428.79 97.65, 432.33 92.27 M419.86 106.61 C423.04 103.48, 425.26 100.28, 432.33 92.27 M427.67 106.77 C429.63 104.53, 431.48 102.26, 432.27 101.48 M427.67 106.77 C428.68 105.35, 430.01 104.18, 432.27 101.48" data-paint="stroke" data-role="hatch" part="sp-ink">
  <path d="M341,51H431.67V106.6H341Z" data-paint="stroke" data-role="encoding" part="sp-ink">
  <path d="M433.65 51.02 C433.65 51.02, 433.65 51.02, 433.65 51.02 M433.65 51.02 C433.65 51.02, 433.65 51.02, 433.65 51.02 M433.59 60.24 C435.63 57.71, 438.48 55.12, 441.46 51.18 M433.59 60.24 C436.71 56.77, 439.43 53.37, 441.46 51.18 M433.53 69.46 C438.92 62.69, 445.73 55.31, 449.27 51.34 M433.53 69.46 C438.94 64.02, 443.22 58.16, 449.27 51.34 M433.46 78.68 C442.07 69.92, 449.42 60.12, 457.74 50.75 M433.46 78.68 C440.31 71, 446.68 63.39, 457.74 50.75 M433.4 87.89 C441.22 78.73, 450.31 69.6, 465.55 50.91 M433.4 87.89 C441.91 78.09, 450.94 67.69, 465.55 50.91 M433.99 96.36 C443.25 86.69, 452.51 75.39, 473.35 51.08 M433.99 96.36 C448.76 80, 463.11 62.91, 473.35 51.08 M433.93 105.58 C450.72 86.53, 467 66.65, 481.16 51.24 M433.93 105.58 C446.84 91.42, 458.89 76.62, 481.16 51.24 M440.42 107.25 C460.46 84.86, 478.55 61.83, 489.63 50.65 M440.42 107.25 C453.26 92.53, 465.71 78.27, 489.63 50.65 M448.89 106.66 C459.84 94.35, 471.82 80.28, 497.44 50.81 M448.89 106.66 C462.58 90.99, 476.78 74.7, 497.44 50.81 M456.7 106.82 C471.09 89.64, 487.19 72.23, 505.24 50.97 M456.7 106.82 C472.1 89.56, 487.44 72.35, 505.24 50.97 M464.5 106.98 C476.35 92.39, 488.31 79.09, 513.05 51.14 M464.5 106.98 C481.35 87.46, 497.65 68.99, 513.05 51.14 M472.31 107.15 C490.91 86.15, 508.93 65.35, 520.86 51.3 M472.31 107.15 C482.56 95.88, 492.17 84.78, 520.86 51.3 M480.12 107.31 C491.47 94.02, 503.67 80.66, 524.73 55.99 M480.12 107.31 C497.04 87.88, 514.33 67.76, 524.73 55.99 M488.59 106.72 C497.71 96.52, 506.82 85.53, 524.67 65.21 M488.59 106.72 C502.85 90.29, 516.98 74.29, 524.67 65.21 M496.39 106.88 C504.42 97.35, 512.36 88.84, 524.61 74.43 M496.39 106.88 C502.35 100.62, 507.92 93.83, 524.61 74.43 M504.2 107.04 C511.56 99.22, 517.97 92.08, 524.54 83.65 M504.2 107.04 C508.68 101.8, 513.5 96.2, 524.54 83.65 M512.01 107.21 C514.8 103.89, 517.06 100.84, 524.48 92.87 M512.01 107.21 C516.48 102.93, 520.49 97.93, 524.48 92.87 M520.48 106.61 C521.37 105.5, 522.55 104.64, 525.07 101.33 M520.48 106.61 C521.44 105.34, 522.53 104.21, 525.07 101.33" data-paint="stroke" data-role="hatch" part="sp-ink">
  <path d="M433.67,51H524.33V106.6H433.67Z" data-paint="stroke" data-role="encoding" part="sp-ink">
  <path d="M526.45 50.86 C526.45 50.86, 526.45 50.86, 526.45 50.86 M526.45 50.86 C526.45 50.86, 526.45 50.86, 526.45 50.86 M526.59 62.9 C530.99 58.12, 534.41 53.23, 537.08 50.82 M526.59 62.9 C529.49 59.71, 532.02 56.7, 537.08 50.82 M526.06 75.7 C532.05 70.21, 536.81 63.99, 547.71 50.79 M526.06 75.7 C533.07 67.8, 540.09 60.12, 547.71 50.79 M526.2 87.74 C534.95 78.48, 542.6 67.83, 558.34 50.76 M526.2 87.74 C535.24 77.22, 544.51 67.25, 558.34 50.76 M526.33 99.78 C538.7 84.92, 551.84 69.3, 568.97 50.72 M526.33 99.78 C539.07 85.1, 552.19 69.72, 568.97 50.72 M530.4 107.29 C549.81 85.61, 567.98 63.91, 579.6 50.69 M530.4 107.29 C549 85.36, 568.48 63.54, 579.6 50.69 M541.03 107.26 C559.41 86.12, 578.79 62.87, 590.23 50.65 M541.03 107.26 C558.25 88.26, 574.36 68.57, 590.23 50.65 M551.66 107.22 C570.59 86.69, 589.32 64.48, 600.21 51.37 M551.66 107.22 C561.6 96.11, 571.25 84.15, 600.21 51.37 M562.29 107.19 C573.22 95.97, 582.35 84.03, 610.84 51.34 M562.29 107.19 C575.83 91.86, 588.82 76.29, 610.84 51.34 M572.92 107.15 C581.56 97.07, 590.46 85.76, 617.53 55.83 M572.92 107.15 C583.86 94.49, 595.52 80.95, 617.53 55.83 M583.55 107.12 C596.53 92.96, 609.18 77.86, 617.66 67.87 M583.55 107.12 C594.27 95.19, 604.7 83.03, 617.66 67.87 M594.18 107.08 C599.58 99.5, 605.3 93.77, 617.14 80.67 M594.18 107.08 C599.27 100.86, 605.38 94.15, 617.14 80.67 M604.81 107.05 C607.95 103.62, 609.78 99.72, 617.27 92.71 M604.81 107.05 C608.1 103.15, 612.41 99.06, 617.27 92.71 M615.44 107.01 C616.05 106.52, 616.62 105.67, 617.41 104.75 M615.44 107.01 C616.19 106.23, 616.85 105.47, 617.41 104.75" data-paint="stroke" data-role="hatch" part="sp-ink">
  <path d="M526.33,51H617V106.6H526.33Z" data-paint="stroke" data-role="encoding" part="sp-ink">
  <path d="M62.76 108.88 C62.76 108.88, 62.76 108.88, 62.76 108.88 M62.76 108.88 C62.76 108.88, 62.76 108.88, 62.76 108.88 M63.09 123.74 C66.28 119.11, 71.06 115.99, 76.21 108.65 M63.09 123.74 C67.79 118.44, 71.3 113.58, 76.21 108.65 M62.76 139.36 C71.35 128.96, 79.66 119.52, 89.66 108.42 M62.76 139.36 C71.28 130.21, 79.88 120.12, 89.66 108.42 M63.09 154.22 C78.49 137.14, 92.93 119.95, 102.46 108.94 M63.09 154.22 C74.04 141.12, 85.25 128.85, 102.46 108.94 M67.36 164.56 C85.19 144.95, 101.74 125.39, 115.91 108.71 M67.36 164.56 C84.75 144.98, 101.22 125.5, 115.91 108.71 M80.81 164.32 C96.51 144.58, 113.04 126.68, 129.36 108.48 M80.81 164.32 C90.57 152.71, 100.68 141.83, 129.36 108.48 M93.61 164.85 C104.85 151.95, 114.99 139.25, 142.81 108.24 M93.61 164.85 C104.46 153.2, 114.27 140.55, 142.81 108.24 M107.06 164.61 C124.37 144.13, 141.72 124.79, 154.29 110.28 M107.06 164.61 C123.23 145.39, 140.38 125.8, 154.29 110.28 M120.51 164.38 C133.51 149.83, 147.24 133.77, 153.97 125.89 M120.51 164.38 C129.35 153.93, 138.09 144.5, 153.97 125.89 M133.31 164.91 C139.22 158.24, 145.73 149.54, 154.3 140.76 M133.31 164.91 C141.85 154.97, 149.81 145.89, 154.3 140.76 M146.76 164.67 C148.55 162.87, 150.99 160.21, 153.97 156.37 M146.76 164.67 C148.83 162.31, 150.86 160.13, 153.97 156.37" data-paint="stroke" data-role="hatch" part="sp-ink">
  <path d="M63,108.6H153.67V164.2H63Z" data-paint="stroke" data-role="encoding" part="sp-ink">
  <path d="M155.56 108.73 C155.56 108.73, 155.56 108.73, 155.56 108.73 M155.56 108.73 C155.56 108.73, 155.56 108.73, 155.56 108.73 M155.69 120.77 C159.99 115.66, 163.45 111.71, 166.19 108.69 M155.69 120.77 C158.14 117.95, 159.84 115.6, 166.19 108.69 M155.83 132.81 C159.13 128.37, 164.89 123.01, 176.82 108.66 M155.83 132.81 C162.21 125.35, 168.93 117.75, 176.82 108.66 M155.96 144.85 C165.87 133.89, 175 122.3, 187.45 108.62 M155.96 144.85 C164.76 133.91, 174.49 123.4, 187.45 108.62 M155.44 157.64 C172.78 137.82, 188.6 119.07, 198.08 108.59 M155.44 157.64 C172.19 138.55, 188.78 119.69, 198.08 108.59 M160.16 164.4 C173.9 148.37, 189.05 132.19, 208.71 108.55 M160.16 164.4 C171.04 152.29, 181.74 139.98, 208.71 108.55 M170.79 164.37 C182.77 150.12, 195.14 135.05, 219.34 108.52 M170.79 164.37 C184.34 148.7, 198.39 131.98, 219.34 108.52 M181.42 164.33 C198.36 144.86, 215.29 125.5, 229.97 108.48 M181.42 164.33 C196.23 147.35, 211.21 131.13, 229.97 108.48 M192.05 164.3 C209.05 144.11, 227.57 123.45, 240.6 108.45 M192.05 164.3 C203.81 150.81, 216.16 136.68, 240.6 108.45 M202.68 164.26 C219.84 143.34, 237.91 124.8, 246.64 113.7 M202.68 164.26 C217.06 147.3, 231.59 130.98, 246.64 113.7 M213.31 164.23 C226.76 149.35, 239.19 134.03, 246.77 125.74 M213.31 164.23 C221.54 155.19, 229.96 145.35, 246.77 125.74 M223.94 164.2 C228.43 157.64, 233.37 152.84, 246.9 137.78 M223.94 164.2 C230.84 156.41, 237.72 148.26, 246.9 137.78 M233.92 164.92 C238.14 158.83, 243.87 153.27, 247.04 149.82 M233.92 164.92 C238.22 160.38, 241.44 155.85, 247.04 149.82 M244.55 164.88 C245.15 164.17, 245.88 163.44, 246.52 162.62 M244.55 164.88 C245.09 164.23, 245.67 163.62, 246.52 162.62" data-paint="stroke" data-role="hatch" part="sp-ink">
  <path d="M155.67,108.6H246.33V164.2H155.67Z" data-paint="stroke" data-role="encoding" part="sp-ink">
  <path d="M248.36 108.57 C248.36 108.57, 248.36 108.57, 248.36 108.57 M248.36 108.57 C248.36 108.57, 248.36 108.57, 248.36 108.57 M248.29 117.79 C250.13 115.84, 253.02 112.51, 256.17 108.73 M248.29 117.79 C250.77 114.89, 252.79 112.46, 256.17 108.73 M248.23 127.01 C252.84 121.35, 257.14 116.46, 263.97 108.89 M248.23 127.01 C252.74 121.09, 257.83 115.67, 263.97 108.89 M248.17 136.23 C254 129.76, 259.2 123.97, 272.44 108.3 M248.17 136.23 C255.76 127.55, 263.2 119.61, 272.44 108.3 M248.1 145.45 C256.19 136, 264.08 126.63, 280.25 108.46 M248.1 145.45 C255.38 137.28, 262.33 128.36, 280.25 108.46 M248.04 154.66 C258.02 142.7, 267.9 132.44, 288.06 108.63 M248.04 154.66 C257.98 143.51, 267.23 133.01, 288.06 108.63 M248.63 163.13 C262.9 146.27, 277.26 130.9, 295.87 108.79 M248.63 163.13 C265.43 142.93, 282.5 123.42, 295.87 108.79 M255.13 164.8 C270.91 146.88, 286.95 128.05, 303.67 108.95 M255.13 164.8 C266.91 151.24, 279.25 137.12, 303.67 108.95 M263.59 164.21 C280.87 145.12, 296.54 124.79, 312.14 108.36 M263.59 164.21 C275.2 151.05, 286.34 138.55, 312.14 108.36 M271.4 164.37 C285.43 147.27, 300.73 131.8, 319.95 108.52 M271.4 164.37 C285.01 149.11, 297.48 133.57, 319.95 108.52 M279.21 164.54 C293.3 148.62, 307.71 131.82, 327.76 108.69 M279.21 164.54 C289.42 152.82, 299.22 140.81, 327.76 108.69 M287.02 164.7 C301.71 148.19, 316.23 131.5, 335.56 108.85 M287.02 164.7 C303.15 146.43, 319.3 127.84, 335.56 108.85 M294.82 164.86 C309.25 149.05, 323.17 131.53, 339.44 113.54 M294.82 164.86 C304.14 154.28, 313.07 144.33, 339.44 113.54 M303.29 164.27 C315.91 150.88, 327.19 135.84, 339.37 122.76 M303.29 164.27 C312.27 154.48, 320.88 144.7, 339.37 122.76 M311.1 164.43 C316.98 156.86, 323.24 150.22, 339.31 131.98 M311.1 164.43 C321.04 153.52, 331.02 141.37, 339.31 131.98 M318.91 164.59 C325.25 157.46, 332.33 149.88, 339.24 141.2 M318.91 164.59 C324.97 157.2, 331.03 151, 339.24 141.2 M326.71 164.76 C330.13 161.49, 333.24 158.91, 339.18 150.42 M326.71 164.76 C331.37 159.74, 334.98 155.03, 339.18 150.42 M334.52 164.92 C335.5 163.48, 336.41 162.12, 339.12 159.64 M334.52 164.92 C335.35 163.93, 336.41 162.64, 339.12 159.64 M248.22 164.11 C248.22 164.11, 248.22 164.11, 248.22 164.11 M248.22 164.11 C248.22 164.11, 248.22 164.11, 248.22 164.11 M257.44 164.17 C254.18 160.82, 251.17 158.72, 248.39 156.3 M257.44 164.17 C254.29 161.24, 251.07 158.82, 248.39 156.3 M266.66 164.24 C261.44 159.73, 257.6 155.41, 248.55 148.49 M266.66 164.24 C260.72 159.06, 255.6 154.86, 248.55 148.49 M275.88 164.3 C268.44 158.58, 261.62 150.53, 247.96 140.03 M275.88 164.3 C267.84 157.81, 260.23 151.07, 247.96 140.03 M285.1 164.36 C273.64 154.46, 261.56 143.36, 248.12 132.22 M285.1 164.36 C276.21 156.32, 266.8 148.9, 248.12 132.22 M294.32 164.43 C276.27 148.83, 257.75 133.88, 248.28 124.41 M294.32 164.43 C281.82 153.68, 269.89 143.07, 248.28 124.41 M303.54 164.49 C292.72 154.45, 281.31 144.52, 248.45 116.6 M303.54 164.49 C284.1 147.76, 264.53 131, 248.45 116.6 M312 163.9 C296.97 149.51, 281.1 136.17, 248.61 108.79 M312 163.9 C288.43 143.92, 265.35 122.97, 248.61 108.79 M321.22 163.96 C302.68 149.23, 284.55 132.92, 257.83 108.86 M321.22 163.96 C301.19 146.2, 280 128.47, 257.83 108.86 M330.44 164.03 C311.04 147.9, 293.65 131.23, 266.29 108.26 M330.44 164.03 C310.16 146.5, 290.23 128.38, 266.29 108.26 M339.66 164.09 C324.4 151.16, 309.71 137.71, 275.51 108.33 M339.66 164.09 C315.31 143.15, 291.69 122.42, 275.51 108.33 M339.07 155.63 C317.79 136.11, 296.52 117.87, 284.73 108.39 M339.07 155.63 C326.89 144.91, 314.39 133.89, 284.73 108.39 M339.23 147.82 C324.63 135.76, 309.97 123.01, 293.95 108.46 M339.23 147.82 C322.51 134, 306.38 119.47, 293.95 108.46 M339.4 140.01 C326.51 128.94, 312.94 117.27, 303.17 108.52 M339.4 140.01 C327.3 129.48, 315.1 118.4, 303.17 108.52 M339.56 132.2 C331.95 126.13, 323.78 118.52, 312.39 108.58 M339.56 132.2 C332.11 125.57, 323.57 118.9, 312.39 108.58 M338.97 123.74 C333.61 119.31, 328.91 115.15, 321.61 108.65 M338.97 123.74 C335.1 120.07, 330.46 116.71, 321.61 108.65 M339.13 115.93 C337.14 114.09, 335.28 112.67, 330.83 108.71 M339.13 115.93 C335.91 113.13, 332.95 110.57, 330.83 108.71" data-paint="stroke" data-role="hatch" part="sp-ink">
  <path d="M248.33,108.6H339V164.2H248.33Z" data-paint="stroke" data-role="encoding" part="sp-ink">
  <path d="M341.16 108.41 C341.16 108.41, 341.16 108.41, 341.16 108.41 M341.16 108.41 C341.16 108.41, 341.16 108.41, 341.16 108.41 M341.1 117.63 C344.19 114.63, 346.81 111.3, 348.97 108.58 M341.1 117.63 C344.21 114.54, 346.98 110.9, 348.97 108.58 M341.03 126.85 C346.1 120.56, 351.8 114.93, 356.78 108.74 M341.03 126.85 C345.29 121.51, 350.36 116.43, 356.78 108.74 M340.97 136.07 C349.53 126.28, 357.61 118.46, 364.59 108.9 M340.97 136.07 C348.36 127.31, 355.41 118.86, 364.59 108.9 M340.9 145.29 C350.12 133.84, 358.87 123.46, 373.05 108.31 M340.9 145.29 C349.2 135.06, 357.92 125.78, 373.05 108.31 M340.84 154.51 C357.3 136.57, 372.39 118.35, 380.86 108.47 M340.84 154.51 C350.84 142.36, 361.44 130.6, 380.86 108.47 M340.78 163.73 C356.09 145.15, 373 127.05, 388.67 108.64 M340.78 163.73 C351.92 150.41, 363.09 137.47, 388.67 108.64 M347.93 164.65 C362.57 146.49, 377.7 129.98, 396.48 108.8 M347.93 164.65 C367.6 142.44, 387.02 120.15, 396.48 108.8 M355.74 164.81 C371.19 147.09, 387.6 128.88, 404.29 108.96 M355.74 164.81 C366.61 151.99, 377.43 140.21, 404.29 108.96 M364.2 164.22 C383 142.14, 401.6 120.67, 412.75 108.37 M364.2 164.22 C374.64 152.67, 385.31 140.56, 412.75 108.37 M372.01 164.38 C382.79 152.51, 391.6 140.87, 420.56 108.53 M372.01 164.38 C390.58 143.06, 408.69 121.95, 420.56 108.53 M379.82 164.54 C397.57 142.48, 416.06 122.13, 428.37 108.7 M379.82 164.54 C397.8 144.59, 414.68 124.36, 428.37 108.7 M387.63 164.71 C401.11 150.33, 413.68 133.88, 432.24 113.39 M387.63 164.71 C401.58 148.76, 414.89 133.87, 432.24 113.39 M395.44 164.87 C407.69 149.07, 422 135.46, 432.18 122.61 M395.44 164.87 C409.84 148.32, 425.23 131.49, 432.18 122.61 M403.9 164.28 C409.75 157.24, 415.58 151.96, 432.11 131.83 M403.9 164.28 C413.34 153.53, 423.01 142.11, 432.11 131.83 M411.71 164.44 C416.73 159.28, 420.6 153.49, 432.05 141.05 M411.71 164.44 C417.11 158.36, 422.93 152.28, 432.05 141.05 M419.52 164.6 C423.02 159.87, 427.16 155.54, 431.98 150.26 M419.52 164.6 C422.98 161.3, 425.88 157.66, 431.98 150.26 M427.33 164.77 C428.19 163.4, 429.35 162.38, 431.92 159.48 M427.33 164.77 C428.12 163.6, 429.25 162.67, 431.92 159.48 M340.94 164.15 C340.94 164.15, 340.94 164.15, 340.94 164.15 M340.94 164.15 C340.94 164.15, 340.94 164.15, 340.94 164.15 M350.16 164.21 C347.66 162.21, 345.18 158.97, 341.1 156.34 M350.16 164.21 C348.38 162.33, 346.15 160.78, 341.1 156.34 M359.38 164.28 C353.85 158.52, 347.85 154.98, 341.26 148.53 M359.38 164.28 C355.48 160.63, 352.13 157.64, 341.26 148.53 M368.6 164.34 C362.17 158.9, 356.36 154.53, 340.67 140.07 M368.6 164.34 C361.97 159.11, 355.68 152.99, 340.67 140.07 M377.82 164.4 C370.39 157.32, 361.92 150.57, 340.84 132.26 M377.82 164.4 C366.92 154.75, 355.74 145.27, 340.84 132.26 M387.04 164.47 C376.25 154.18, 363.88 144.48, 341 124.45 M387.04 164.47 C371.9 151.32, 357.34 137.87, 341 124.45 M395.5 163.88 C375.51 146.74, 357.71 130.45, 341.16 116.64 M395.5 163.88 C376.26 147.1, 356.65 130.66, 341.16 116.64 M404.72 163.94 C379.65 143, 356.28 121.79, 341.32 108.83 M404.72 163.94 C384.67 146.84, 364.86 129.92, 341.32 108.83 M413.94 164 C390.08 143.35, 367.67 123.91, 350.54 108.9 M413.94 164 C397.96 149.43, 381.85 135.54, 350.54 108.9 M423.16 164.07 C406.98 150.1, 391.4 136.24, 359.01 108.3 M423.16 164.07 C400.32 144.31, 378.47 125.43, 359.01 108.3 M432.38 164.13 C414.81 150.06, 397.57 133.7, 368.23 108.37 M432.38 164.13 C413.1 147.23, 393.51 130.27, 368.23 108.37 M431.79 155.67 C419.23 144.7, 407.22 132.92, 377.45 108.43 M431.79 155.67 C415.04 140.71, 398.2 126.44, 377.45 108.43 M431.95 147.86 C415.61 133.51, 399.79 119.95, 386.67 108.5 M431.95 147.86 C416.55 134.55, 400.94 120.76, 386.67 108.5 M432.11 140.05 C419.9 129.39, 410.05 120.74, 395.89 108.56 M432.11 140.05 C422.95 132, 413.54 123.96, 395.89 108.56 M432.27 132.24 C424.99 125.39, 415.49 118.51, 405.1 108.62 M432.27 132.24 C425.31 125.75, 417.37 119.29, 405.1 108.62 M431.68 123.78 C427.64 120.31, 422.5 116.08, 414.32 108.69 M431.68 123.78 C425.92 119.05, 420.48 114.13, 414.32 108.69 M431.84 115.97 C429.92 114.19, 427.42 112.35, 423.54 108.75 M431.84 115.97 C429.46 113.85, 426.7 111.73, 423.54 108.75" data-paint="stroke" data-role="hatch" part="sp-ink">
  <path d="M341,108.6H431.67V164.2H341Z" data-paint="stroke" data-role="encoding" part="sp-ink">
  <path d="M433.96 108.26 C433.96 108.26, 433.96 108.26, 433.96 108.26 M433.96 108.26 C433.96 108.26, 433.96 108.26, 433.96 108.26 M433.9 117.48 C435.61 115.28, 438.52 112.67, 441.77 108.42 M433.9 117.48 C436.03 115.41, 437.97 112.92, 441.77 108.42 M433.84 126.7 C438.01 123.39, 440.16 118.85, 449.58 108.59 M433.84 126.7 C438.74 121.03, 442.9 116.29, 449.58 108.59 M433.77 135.92 C440.48 128.07, 446.86 121.69, 457.39 108.75 M433.77 135.92 C441.16 126.85, 448.92 118.55, 457.39 108.75 M433.71 145.14 C444.03 132.11, 455.21 120.98, 465.2 108.91 M433.71 145.14 C443.03 133.97, 453.3 122.76, 465.2 108.91 M433.64 154.36 C447.02 137.85, 461.12 122.68, 473.66 108.32 M433.64 154.36 C444.36 141.9, 455.39 128.88, 473.66 108.32 M433.58 163.58 C451.55 143.77, 469.02 123.15, 481.47 108.48 M433.58 163.58 C448.4 146.13, 463.02 129.02, 481.47 108.48 M440.73 164.5 C454.52 147.9, 468.76 131.91, 489.28 108.65 M440.73 164.5 C457.67 144.8, 474.46 125.52, 489.28 108.65 M448.54 164.66 C463.97 148.03, 477.53 130.15, 497.09 108.81 M448.54 164.66 C458.36 153.34, 468.87 141.38, 497.09 108.81 M456.35 164.82 C470.2 148.66, 484.2 132.36, 504.9 108.97 M456.35 164.82 C473.02 145.55, 490.71 125.71, 504.9 108.97 M464.81 164.23 C479.88 147.02, 494.62 129.37, 513.36 108.38 M464.81 164.23 C481.73 145.11, 498.44 126.07, 513.36 108.38 M472.62 164.39 C485.52 150, 498.28 135.36, 521.17 108.54 M472.62 164.39 C491.25 142.76, 510.66 120.88, 521.17 108.54 M480.43 164.55 C492.98 151.6, 504.19 138.03, 525.04 113.23 M480.43 164.55 C490.1 154.16, 498.86 142.81, 525.04 113.23 M488.24 164.72 C501.95 148.55, 515.46 133.01, 524.98 122.45 M488.24 164.72 C501.46 149.13, 514.32 133.88, 524.98 122.45 M496.05 164.88 C507.75 151.43, 519.06 138.93, 524.91 131.67 M496.05 164.88 C505.37 154.2, 514.95 143.27, 524.91 131.67 M504.51 164.29 C510.35 156.54, 516.87 149.65, 524.85 140.89 M504.51 164.29 C509.26 158.61, 513.93 153.55, 524.85 140.89 M512.32 164.45 C515.2 161.18, 517.87 157.97, 524.79 150.11 M512.32 164.45 C517.07 159.14, 520.91 154.56, 524.79 150.11 M520.13 164.61 C521.48 163.31, 522.25 162.02, 524.72 159.33 M520.13 164.61 C521.8 162.53, 523.6 160.58, 524.72 159.33" data-paint="stroke" data-role="hatch" part="sp-ink">
  <path d="M433.67,108.6H524.33V164.2H433.67Z" data-paint="stroke" data-role="encoding" part="sp-ink">
  <path d="M526.11 108.86 C526.11 108.86, 526.11 108.86, 526.11 108.86 M526.11 108.86 C526.11 108.86, 526.11 108.86, 526.11 108.86 M526.24 120.9 C530.2 116.56, 533.71 111.62, 536.74 108.82 M526.24 120.9 C529.94 117.15, 533.52 112.95, 536.74 108.82 M526.37 132.94 C532.56 125.39, 539.45 118.32, 547.37 108.79 M526.37 132.94 C532.54 126.01, 538.18 118.97, 547.37 108.79 M526.51 144.98 C539.07 131.84, 549.69 118, 558 108.75 M526.51 144.98 C536.46 132.79, 547.49 121.69, 558 108.75 M526.64 157.02 C542.07 139.41, 558.09 120.88, 568.63 108.72 M526.64 157.02 C541.51 140.53, 556.27 123.89, 568.63 108.72 M530.71 164.53 C545.12 148.05, 560.83 131.16, 579.26 108.69 M530.71 164.53 C544.86 147.99, 558.82 131.75, 579.26 108.69 M541.34 164.5 C550.71 152.53, 561.09 142.05, 589.89 108.65 M541.34 164.5 C559.79 142.64, 579 121.06, 589.89 108.65 M551.97 164.47 C564.61 149.43, 579.75 133.97, 600.52 108.62 M551.97 164.47 C565.89 148.19, 580.93 131.01, 600.52 108.62 M562.6 164.43 C576.21 148.91, 590.51 133.15, 611.15 108.58 M562.6 164.43 C581.99 142.28, 600.99 120.77, 611.15 108.58 M573.23 164.4 C590.35 145.3, 607.67 125.05, 617.18 113.83 M573.23 164.4 C586.27 149.23, 599.01 134.37, 617.18 113.83 M583.86 164.36 C590.45 154.83, 598.02 146.22, 617.32 125.87 M583.86 164.36 C594.39 152.22, 604.99 140.65, 617.32 125.87 M594.49 164.33 C601.45 154.67, 609.44 146.44, 617.45 137.91 M594.49 164.33 C599.51 158.71, 605.12 152.95, 617.45 137.91 M605.12 164.29 C607.43 161.13, 609.99 157.09, 617.58 149.95 M605.12 164.29 C609.18 160.01, 613.15 155.3, 617.58 149.95 M615.75 164.26 C616.6 163.38, 617.39 162.35, 617.72 161.99 M615.75 164.26 C616.42 163.51, 616.96 162.77, 617.72 161.99" data-paint="stroke" data-role="hatch" part="sp-ink">
  <path d="M526.33,108.6H617V164.2H526.33Z" data-paint="stroke" data-role="encoding" part="sp-ink">
  <path d="M63.07 166.12 C63.07 166.12, 63.07 166.12, 63.07 166.12 M63.07 166.12 C63.07 166.12, 63.07 166.12, 63.07 166.12 M62.74 181.74 C65.63 177.45, 70.7 172.27, 76.52 165.89 M62.74 181.74 C65.95 178.6, 68.29 175.1, 76.52 165.89 M63.07 196.6 C72.03 185.86, 82.65 173.57, 89.31 166.41 M63.07 196.6 C70.45 187.67, 77.53 179.29, 89.31 166.41 M62.75 212.22 C75.63 198.78, 86.49 184.12, 102.77 166.18 M62.75 212.22 C76.53 197.24, 89.38 181.14, 102.77 166.18 M67.67 221.8 C79.54 209.56, 89.98 195.63, 116.22 165.95 M67.67 221.8 C86.48 199.88, 105.04 178.61, 116.22 165.95 M80.46 222.32 C93.22 207.75, 105.74 194.37, 129.01 166.47 M80.46 222.32 C95.73 205.54, 110.29 187.87, 129.01 166.47 M93.92 222.09 C105.97 208.6, 116.93 195.58, 142.46 166.24 M93.92 222.09 C106.39 207.48, 119.38 193.74, 142.46 166.24 M107.37 221.86 C120.44 207.17, 132.36 192.84, 153.95 168.27 M107.37 221.86 C118.98 208.91, 130 195.3, 153.95 168.27 M120.16 222.38 C128.49 212.26, 138 202.91, 154.28 183.14 M120.16 222.38 C133.29 207.82, 146.47 192.45, 154.28 183.14 M133.61 222.15 C139.5 216.38, 145.95 208.5, 153.95 198.75 M133.61 222.15 C137.98 216.64, 142.79 211.24, 153.95 198.75 M147.07 221.92 C149.53 219.07, 152.3 216.38, 154.28 213.62 M147.07 221.92 C149.11 219.83, 151.32 217.38, 154.28 213.62" data-paint="stroke" data-role="hatch" part="sp-ink">
  <path d="M63,166.2H153.67V221.8H63Z" data-paint="stroke" data-role="encoding" part="sp-ink">
  <path d="M155.87 165.97 C155.87 165.97, 155.87 165.97, 155.87 165.97 M155.87 165.97 C155.87 165.97, 155.87 165.97, 155.87 165.97 M155.35 178.77 C159.44 173.86, 163.2 169.62, 166.5 165.94 M155.35 178.77 C158.79 175.18, 161.71 171.4, 166.5 165.94 M155.48 190.81 C161.23 184.05, 165.86 179.26, 177.13 165.9 M155.48 190.81 C161.27 183.99, 167.91 176.57, 177.13 165.9 M155.61 202.85 C163.56 194.88, 169.66 186.98, 187.76 165.87 M155.61 202.85 C166.62 190.67, 177.63 177.66, 187.76 165.87 M155.75 214.89 C168.13 201.84, 178.56 187.89, 198.39 165.83 M155.75 214.89 C165.17 203.53, 175.1 192.07, 198.39 165.83 M159.82 222.4 C170.91 211.27, 180.25 199.62, 208.36 166.55 M159.82 222.4 C175.3 204.22, 191.35 186.01, 208.36 166.55 M170.45 222.37 C183.38 207.61, 196.71 192.06, 218.99 166.52 M170.45 222.37 C186.65 203.57, 203.14 185.61, 218.99 166.52 M181.08 222.33 C193.52 208.61, 205.07 194.2, 229.62 166.48 M181.08 222.33 C199.85 200.19, 219.34 178.75, 229.62 166.48 M191.71 222.3 C203.77 208.97, 214.16 195.66, 240.25 166.45 M191.71 222.3 C209.31 201.98, 227.67 181.02, 240.25 166.45 M202.34 222.26 C219.56 202, 235.86 182.39, 246.95 170.94 M202.34 222.26 C219.22 203.22, 236.15 184.21, 246.95 170.94 M212.97 222.23 C220.63 213.31, 230.18 204.03, 247.08 182.98 M212.97 222.23 C221.37 212.56, 229.42 202.89, 247.08 182.98 M223.6 222.19 C231.45 213.57, 236.85 206.26, 246.56 195.78 M223.6 222.19 C230.43 214.89, 236.8 206.79, 246.56 195.78 M234.23 222.16 C239.12 216.59, 243.59 211.15, 246.69 207.82 M234.23 222.16 C238.31 217.46, 241.89 213.41, 246.69 207.82 M244.86 222.13 C245.31 221.47, 245.87 221.03, 246.82 219.86 M244.86 222.13 C245.32 221.63, 245.78 221.05, 246.82 219.86" data-paint="stroke" data-role="hatch" part="sp-ink">
  <path d="M155.67,166.2H246.33V221.8H155.67Z" data-paint="stroke" data-role="encoding" part="sp-ink">
  <path d="M248.01 166.57 C248.01 166.57, 248.01 166.57, 248.01 166.57 M248.01 166.57 C248.01 166.57, 248.01 166.57, 248.01 166.57 M248.6 175.03 C251.18 172.33, 253.06 170.06, 256.48 165.98 M248.6 175.03 C251.67 171.72, 254.48 168.39, 256.48 165.98 M248.54 184.25 C253.29 178.5, 257.86 172.84, 264.28 166.14 M248.54 184.25 C252.44 178.99, 257.41 174.7, 264.28 166.14 M248.47 193.47 C257.37 184.2, 264.6 174.49, 272.09 166.3 M248.47 193.47 C256.59 184.32, 265.39 174.82, 272.09 166.3 M248.41 202.69 C258.81 191.18, 268.81 179.78, 279.9 166.46 M248.41 202.69 C256.52 193.14, 265.65 183.37, 279.9 166.46 M248.35 211.91 C262.3 195.08, 276.86 179.33, 288.37 165.87 M248.35 211.91 C262 195.72, 275.7 180.36, 288.37 165.87 M248.28 221.13 C263.69 203.29, 277.4 187.23, 296.17 166.03 M248.28 221.13 C258.37 209.48, 268.5 198.61, 296.17 166.03 M255.43 222.05 C266.73 209.88, 277.38 196, 303.98 166.2 M255.43 222.05 C272.39 203.32, 288.33 183.99, 303.98 166.2 M263.24 222.21 C273.49 209.98, 284.62 198.8, 311.79 166.36 M263.24 222.21 C280.7 202.23, 297.85 182.89, 311.79 166.36 M271.05 222.37 C284.84 206.56, 298.04 190.39, 319.6 166.52 M271.05 222.37 C285.94 205.09, 301.64 186.93, 319.6 166.52 M279.52 221.78 C296.83 201.45, 314.02 182.11, 328.06 165.93 M279.52 221.78 C289.81 209.57, 300.01 197.89, 328.06 165.93 M287.32 221.94 C305.74 200.86, 324.69 179.16, 335.87 166.09 M287.32 221.94 C302.42 204.48, 318.67 186.28, 335.87 166.09 M295.13 222.11 C310.76 204.59, 323.69 188.66, 339.75 170.78 M295.13 222.11 C305.23 210.29, 315.44 198.85, 339.75 170.78 M302.94 222.27 C312.84 211.3, 321.24 201.92, 339.68 180 M302.94 222.27 C310.78 213.24, 318.02 205.23, 339.68 180 M310.75 222.43 C320.28 211.14, 329.85 200.56, 339.62 189.22 M310.75 222.43 C318.38 213.47, 326.69 204.62, 339.62 189.22 M319.22 221.84 C325.96 214.66, 333.17 207.35, 339.55 198.44 M319.22 221.84 C325.55 214.13, 332.36 207.56, 339.55 198.44 M327.02 222 C330.46 218.78, 332.27 216.04, 339.49 207.66 M327.02 222 C331.97 216.87, 336.26 211.72, 339.49 207.66 M334.83 222.16 C336.26 220.54, 337.4 219.37, 339.42 216.88 M334.83 222.16 C336.37 220.37, 338.15 218.26, 339.42 216.88" data-paint="stroke" data-role="hatch" part="sp-ink">
  <path d="M248.33,166.2H339V221.8H248.33Z" data-paint="stroke" data-role="encoding" part="sp-ink">
  <path d="M340.81 166.41 C340.81 166.41, 340.81 166.41, 340.81 166.41 M340.81 166.41 C340.81 166.41, 340.81 166.41, 340.81 166.41 M340.75 175.63 C343.51 171.92, 346.19 168.56, 348.62 166.58 M340.75 175.63 C342.88 173.39, 344.87 171.21, 348.62 166.58 M340.69 184.85 C347.95 178.17, 354.18 169.67, 357.09 165.98 M340.69 184.85 C345.41 179.88, 349.64 174.82, 357.09 165.98 M341.28 193.32 C348.32 185.99, 353.85 179.52, 364.9 166.15 M341.28 193.32 C349.39 183.99, 358 173.74, 364.9 166.15 M341.21 202.54 C352.91 189.22, 363.73 175.06, 372.7 166.31 M341.21 202.54 C351.22 190.94, 360.29 179.95, 372.7 166.31 M341.15 211.76 C353.61 198.18, 366.98 183.92, 380.51 166.47 M341.15 211.76 C355.52 195.74, 369.43 179.4, 380.51 166.47 M341.09 220.98 C357.34 201.91, 373.41 183.32, 388.98 165.88 M341.09 220.98 C354.56 205.2, 368.13 190.16, 388.98 165.88 M348.24 221.89 C358.68 209.49, 368.44 197.93, 396.79 166.04 M348.24 221.89 C362.47 205.69, 376.68 189.36, 396.79 166.04 M356.05 222.06 C374.18 200.02, 393.97 177.99, 404.59 166.21 M356.05 222.06 C372.76 203.31, 389.59 183.8, 404.59 166.21 M363.85 222.22 C382.41 201.16, 400.71 180.79, 412.4 166.37 M363.85 222.22 C376.47 207.75, 388.58 193.92, 412.4 166.37 M371.66 222.38 C383.87 207.88, 397.26 193.7, 420.21 166.53 M371.66 222.38 C390.01 201.47, 408.51 179.78, 420.21 166.53 M380.13 221.79 C393.69 206.32, 405.11 192.13, 428.68 165.94 M380.13 221.79 C396.77 202.64, 413.75 182.8, 428.68 165.94 M387.94 221.95 C400.35 207.89, 413.53 191.45, 431.89 171.39 M387.94 221.95 C402.45 205.68, 416.83 188.65, 431.89 171.39 M395.75 222.11 C404.89 210.99, 415.92 199.88, 431.83 180.61 M395.75 222.11 C408.61 206.78, 422.23 191.28, 431.83 180.61 M403.55 222.28 C413.03 211.37, 422.18 202.17, 432.42 189.07 M403.55 222.28 C410.85 213.64, 418.84 205.53, 432.42 189.07 M411.36 222.44 C416.81 217.07, 420.94 211.37, 432.36 198.29 M411.36 222.44 C417.23 215.83, 423.07 209.17, 432.36 198.29 M419.83 221.85 C423.42 217.16, 427.97 212.67, 432.29 207.51 M419.83 221.85 C423.57 217.58, 426.3 214.35, 432.29 207.51 M427.64 222.01 C428.92 220.45, 430.31 219, 432.23 216.73 M427.64 222.01 C429.44 220.04, 430.98 218.29, 432.23 216.73 M341.1 221.89 C341.1 221.89, 341.1 221.89, 341.1 221.89 M341.1 221.89 C341.1 221.89, 341.1 221.89, 341.1 221.89 M350.32 221.95 C347.82 219.48, 344.91 218.12, 341.26 214.08 M350.32 221.95 C347.9 219.98, 345.49 217.87, 341.26 214.08 M359.54 222.01 C353.69 216.38, 348.97 212.87, 340.67 205.61 M359.54 222.01 C355.35 218.47, 351.63 214.95, 340.67 205.61 M368.76 222.08 C360.88 215.18, 351.69 207.02, 340.83 197.8 M368.76 222.08 C359.59 214.53, 350.96 206.06, 340.83 197.8 M377.22 221.49 C366.07 211.64, 355.35 201.86, 340.99 190 M377.22 221.49 C368.36 214.05, 360.69 207.04, 340.99 190 M386.44 221.55 C370.29 207.97, 352.68 193.61, 341.16 182.19 M386.44 221.55 C373.98 210.6, 361.3 199.87, 341.16 182.19 M395.66 221.61 C384.33 211.93, 372.56 202.07, 341.32 174.38 M395.66 221.61 C375.22 204.08, 354.71 186.37, 341.32 174.38 M404.88 221.68 C381.13 202.05, 359.57 181.07, 340.73 165.91 M404.88 221.68 C382.42 201.85, 359.35 181.48, 340.73 165.91 M414.1 221.74 C397.11 206.66, 381.42 192.37, 349.95 165.98 M414.1 221.74 C398.7 209.11, 383.93 195.11, 349.95 165.98 M423.32 221.81 C408.5 208.91, 392.77 195.43, 359.17 166.04 M423.32 221.81 C400.08 201.84, 376.89 181.45, 359.17 166.04 M431.78 221.21 C415.84 207.02, 398.1 191.67, 368.39 166.11 M431.78 221.21 C415.08 207.28, 398.67 192.65, 368.39 166.11 M431.94 213.41 C417.89 200.5, 403.46 187.45, 377.61 166.17 M431.94 213.41 C410.16 194.38, 388.11 175.87, 377.61 166.17 M432.11 205.6 C416.18 192.52, 402.49 178.45, 386.83 166.23 M432.11 205.6 C421.31 196.68, 410.64 187.32, 386.83 166.23 M432.27 197.79 C418.58 186, 403.96 173.83, 396.04 166.3 M432.27 197.79 C419.04 186.38, 406.4 175.07, 396.04 166.3 M431.68 189.32 C421.61 180.41, 411.67 170.99, 405.26 166.36 M431.68 189.32 C422.04 180.59, 412.6 172.7, 405.26 166.36 M431.84 181.52 C428.59 178.92, 424.55 174.82, 414.48 166.43 M431.84 181.52 C427.78 178.26, 424.32 174.86, 414.48 166.43 M432 173.71 C428.68 171.36, 425.32 168, 423.7 166.49 M432 173.71 C430.28 171.95, 428.35 170.14, 423.7 166.49" data-paint="stroke" data-role="hatch" part="sp-ink">
  <path d="M341,166.2H431.67V221.8H341Z" data-paint="stroke" data-role="encoding" part="sp-ink">
  <path d="M433.62 166.26 C433.62 166.26, 433.62 166.26, 433.62 166.26 M433.62 166.26 C433.62 166.26, 433.62 166.26, 433.62 166.26 M433.55 175.48 C436 172.53, 437.9 170.96, 441.43 166.42 M433.55 175.48 C436.28 172.45, 439.01 169.6, 441.43 166.42 M433.49 184.7 C437.97 179.3, 442.37 173.78, 449.89 165.83 M433.49 184.7 C437.95 179.41, 442.17 174.68, 449.89 165.83 M433.42 193.92 C443.59 182.81, 452.4 172.05, 457.7 165.99 M433.42 193.92 C442.67 184.01, 451.33 173.63, 457.7 165.99 M433.36 203.14 C439.99 194.94, 447.28 186.88, 465.51 166.16 M433.36 203.14 C444.59 190.14, 455.62 177.66, 465.51 166.16 M433.95 211.6 C444.92 199.42, 455.53 186.38, 473.32 166.32 M433.95 211.6 C449.03 194.39, 463.37 176.8, 473.32 166.32 M433.89 220.82 C452.55 200.81, 470.73 180, 481.12 166.48 M433.89 220.82 C450.81 201.45, 467.59 182.5, 481.12 166.48 M440.38 222.49 C459.65 199.92, 480.27 177.41, 489.59 165.89 M440.38 222.49 C451.75 208.62, 463.48 195.12, 489.59 165.89 M448.85 221.9 C467.26 200.97, 485.99 181.06, 497.4 166.05 M448.85 221.9 C464.52 203.76, 481.03 184.96, 497.4 166.05 M456.66 222.07 C470.26 207.19, 483.96 191.99, 505.21 166.22 M456.66 222.07 C475.5 199.88, 494.63 178.31, 505.21 166.22 M464.47 222.23 C483.06 200.6, 500.57 180.41, 513.01 166.38 M464.47 222.23 C481.15 202.63, 498.26 183, 513.01 166.38 M472.28 222.39 C488.89 203.42, 506.09 183.78, 520.82 166.54 M472.28 222.39 C490.77 201.55, 509.38 180.07, 520.82 166.54 M480.74 221.8 C492.23 209.14, 504.09 195.55, 524.7 171.23 M480.74 221.8 C490.76 210.35, 500.65 198.58, 524.7 171.23 M488.55 221.96 C499.13 210.49, 509.35 197.47, 524.63 180.45 M488.55 221.96 C500.26 208.65, 512.27 194.71, 524.63 180.45 M496.36 222.12 C503.79 211.98, 512.31 202.58, 524.57 189.67 M496.36 222.12 C502.98 213.84, 510.49 206.66, 524.57 189.67 M504.17 222.29 C510.41 214.5, 517.05 207.87, 524.5 198.89 M504.17 222.29 C509.19 216.29, 514.6 210.87, 524.5 198.89 M511.97 222.45 C514.87 219.22, 517.95 215.86, 524.44 208.11 M511.97 222.45 C517.02 216.95, 521.53 211.94, 524.44 208.11 M520.44 221.86 C521.58 220.37, 523.22 218.64, 525.03 216.58 M520.44 221.86 C522.21 220.03, 523.81 218.01, 525.03 216.58 M433.81 221.93 C433.81 221.93, 433.81 221.93, 433.81 221.93 M433.81 221.93 C433.81 221.93, 433.81 221.93, 433.81 221.93 M443.03 221.99 C441.34 220.87, 438.96 218.36, 433.98 214.12 M443.03 221.99 C440.17 219.45, 436.95 216.63, 433.98 214.12 M452.25 222.05 C446.05 216.84, 439.12 210.47, 433.39 205.65 M452.25 222.05 C446.41 216.72, 440.78 212.09, 433.39 205.65 M461.47 222.12 C454.49 215.35, 446.29 209.07, 433.55 197.84 M461.47 222.12 C453.72 215.82, 446.41 208.88, 433.55 197.84 M469.94 221.53 C455.49 209.93, 441.05 196.33, 433.71 190.04 M469.94 221.53 C460 212.32, 448.81 203.28, 433.71 190.04 M479.16 221.59 C470.16 213.22, 458.59 204.02, 433.87 182.23 M479.16 221.59 C463.9 208.28, 448.62 194.74, 433.87 182.23 M488.38 221.65 C469.52 204.74, 449.4 188.38, 434.04 174.42 M488.38 221.65 C467.87 203.84, 447.06 186.22, 434.04 174.42 M497.59 221.72 C478.34 204.81, 460.21 188.83, 433.44 165.95 M497.59 221.72 C478.7 205.15, 459.85 188.86, 433.44 165.95 M506.81 221.78 C484.15 202.87, 462.31 183.6, 442.66 166.02 M506.81 221.78 C482.99 201.23, 459.63 180.87, 442.66 166.02 M516.03 221.85 C489.8 199.96, 464.85 178.14, 451.88 166.08 M516.03 221.85 C490.24 199.65, 465.14 177.6, 451.88 166.08 M524.5 221.25 C506.57 205.95, 488.11 189.5, 461.1 166.15 M524.5 221.25 C500.13 200.29, 475.02 178.37, 461.1 166.15 M524.66 213.45 C508.46 199.64, 490.62 183.6, 470.32 166.21 M524.66 213.45 C509.17 200.25, 493.66 187.03, 470.32 166.21 M524.82 205.64 C508.95 192.06, 492.31 177.19, 479.54 166.27 M524.82 205.64 C515.13 196.98, 504.99 188.37, 479.54 166.27 M524.99 197.83 C513.77 188.25, 501.06 177.3, 488.76 166.34 M524.99 197.83 C514.52 188.89, 504.66 180.64, 488.76 166.34 M524.39 189.36 C514.79 179.82, 503.53 171.14, 497.98 166.4 M524.39 189.36 C515.1 181.52, 505.35 172.93, 497.98 166.4 M524.56 181.56 C517.35 175.02, 511.19 169.62, 507.2 166.47 M524.56 181.56 C519.51 177.23, 514.34 172.28, 507.2 166.47 M524.72 173.75 C521.17 170.16, 517.88 167.13, 515.66 165.87 M524.72 173.75 C521.41 171.04, 518.24 167.99, 515.66 165.87" data-paint="stroke" data-role="hatch" part="sp-ink">
  <path d="M433.67,166.2H524.33V221.8H433.67Z" data-paint="stroke" data-role="encoding" part="sp-ink">
  <path d="M526.41 166.1 C526.41 166.1, 526.41 166.1, 526.41 166.1 M526.41 166.1 C526.41 166.1, 526.41 166.1, 526.41 166.1 M526.55 178.14 C530.06 174.3, 533.66 169.32, 537.04 166.07 M526.55 178.14 C528.93 175.47, 531.47 172.49, 537.04 166.07 M526.02 190.94 C532.79 182.8, 540.41 174.43, 547.67 166.03 M526.02 190.94 C531.59 184.66, 537.14 177.82, 547.67 166.03 M526.16 202.98 C536.81 190.97, 546.26 180.76, 558.31 166 M526.16 202.98 C538.35 189.35, 549.78 174.83, 558.31 166 M526.29 215.02 C536.75 201.86, 547.63 189.65, 568.94 165.96 M526.29 215.02 C542.59 196.19, 559.45 176.87, 568.94 165.96 M531.02 221.78 C542.79 208.66, 552.69 196.3, 579.57 165.93 M531.02 221.78 C549.77 199.16, 569.09 177.03, 579.57 165.93 M540.99 222.5 C551.46 209.59, 562.95 198.47, 590.2 165.9 M540.99 222.5 C552.54 209.41, 563.73 196.69, 590.2 165.9 M551.62 222.46 C570.03 201.46, 589.75 179.49, 600.83 165.86 M551.62 222.46 C570.97 200.73, 589.87 178.05, 600.83 165.86 M562.25 222.43 C579.07 202.33, 596.98 182.48, 611.46 165.83 M562.25 222.43 C577.98 204.39, 593.48 186.98, 611.46 165.83 M572.88 222.4 C589.8 203.97, 605.33 184.45, 617.49 171.08 M572.88 222.4 C588.13 205.18, 602.34 187.66, 617.49 171.08 M583.51 222.36 C592.84 211.06, 602.44 200.76, 617.63 183.12 M583.51 222.36 C594.28 210.44, 605.45 198.08, 617.63 183.12 M594.14 222.33 C600.02 215.88, 603.88 210.43, 617.1 195.91 M594.14 222.33 C599.1 217.18, 604.21 211.48, 617.1 195.91 M604.77 222.29 C608.05 219.33, 611.34 215.14, 617.24 207.95 M604.77 222.29 C608.82 217.56, 613.32 212.24, 617.24 207.95 M615.4 222.26 C616.11 221.42, 616.72 220.96, 617.37 219.99 M615.4 222.26 C615.99 221.54, 616.55 220.97, 617.37 219.99" data-paint="stroke" data-role="hatch" part="sp-ink">
  <path d="M526.33,166.2H617V221.8H526.33Z" data-paint="stroke" data-role="encoding" part="sp-ink">
  <path d="M62.72 224.12 C62.72 224.12, 62.72 224.12, 62.72 224.12 M62.72 224.12 C62.72 224.12, 62.72 224.12, 62.72 224.12 M63.05 238.99 C67 235.44, 70.21 230.42, 76.17 223.89 M63.05 238.99 C67.1 234.4, 70.61 229.57, 76.17 223.89 M62.72 254.6 C68.95 247.2, 73.4 241.29, 89.62 223.66 M62.72 254.6 C69.34 246.52, 76.18 238.5, 89.62 223.66 M63.05 269.46 C71.12 259.95, 81.76 248.12, 103.07 223.43 M63.05 269.46 C78.34 252.14, 93.55 234.23, 103.07 223.43 M67.32 279.8 C81.44 261.94, 97.27 246.09, 115.87 223.95 M67.32 279.8 C78.14 267.6, 89.1 254.82, 115.87 223.95 M80.77 279.57 C98.49 258.73, 116.72 236.91, 129.32 223.72 M80.77 279.57 C90.94 267.88, 102.04 255.49, 129.32 223.72 M93.57 280.09 C106.74 265.9, 118.83 252.21, 142.77 223.49 M93.57 280.09 C108.9 262.76, 123.62 245.76, 142.77 223.49 M107.02 279.86 C123.55 259.45, 141.64 240.65, 154.26 225.52 M107.02 279.86 C122.65 261.7, 139.11 243.73, 154.26 225.52 M120.47 279.63 C132.07 266.62, 141.92 254.89, 153.93 241.14 M120.47 279.63 C130.69 268.51, 140.23 256.38, 153.93 241.14 M133.92 279.39 C139.97 272.38, 144.76 266.9, 154.26 256 M133.92 279.39 C139.33 273.23, 145.33 266.54, 154.26 256 M146.72 279.92 C149.82 277.01, 151.92 273.3, 153.94 271.62 M146.72 279.92 C148.73 277.61, 150.63 275.38, 153.94 271.62" data-paint="stroke" data-role="hatch" part="sp-ink">
  <path d="M63,223.8H153.67V279.4H63Z" data-paint="stroke" data-role="encoding" part="sp-ink">
  <path d="M155.52 223.97 C155.52 223.97, 155.52 223.97, 155.52 223.97 M155.52 223.97 C155.52 223.97, 155.52 223.97, 155.52 223.97 M155.66 236.01 C159.06 231.83, 162.69 227.8, 166.15 223.94 M155.66 236.01 C159.68 231.3, 163.49 226.55, 166.15 223.94 M155.79 248.05 C161.74 241.02, 168.51 233.58, 176.78 223.9 M155.79 248.05 C160.63 242.18, 165.92 236.26, 176.78 223.9 M155.92 260.09 C165.9 248.21, 176.79 235.3, 187.41 223.87 M155.92 260.09 C168 246.11, 180.73 232.03, 187.41 223.87 M155.4 272.89 C171.09 254.76, 184.66 237.62, 198.04 223.83 M155.4 272.89 C167.19 259.45, 178.08 246.47, 198.04 223.83 M160.12 279.65 C176.19 260.72, 191.22 242.41, 208.67 223.8 M160.12 279.65 C171.41 266.56, 183.1 253.63, 208.67 223.8 M170.75 279.61 C184.64 264.09, 198.94 248.05, 219.3 223.76 M170.75 279.61 C189.62 258.59, 207.63 237.59, 219.3 223.76 M181.38 279.58 C197.24 260.18, 214.91 241.35, 229.93 223.73 M181.38 279.58 C195.63 263.44, 209 247.96, 229.93 223.73 M192.01 279.54 C206.76 261.91, 222.32 244.78, 240.56 223.69 M192.01 279.54 C205.75 263.57, 219.52 247.84, 240.56 223.69 M202.65 279.51 C219.44 260.48, 235.25 242.18, 246.6 228.94 M202.65 279.51 C212.48 269.07, 221.63 258.04, 246.6 228.94 M213.28 279.47 C223.12 267.39, 234.35 256.82, 246.73 240.98 M213.28 279.47 C221.54 269.54, 229.8 260.41, 246.73 240.98 M223.91 279.44 C233.32 268.74, 240.99 258.94, 246.87 253.02 M223.91 279.44 C229.92 271.71, 236.68 264.57, 246.87 253.02 M234.54 279.4 C238.6 274.03, 243.8 268.45, 247 265.06 M234.54 279.4 C238.6 274.25, 242.71 269.59, 247 265.06 M245.17 279.37 C245.63 278.85, 246.15 278.26, 246.48 277.86 M245.17 279.37 C245.42 279.06, 245.74 278.69, 246.48 277.86" data-paint="stroke" data-role="hatch" part="sp-ink">
  <path d="M155.67,223.8H246.33V279.4H155.67Z" data-paint="stroke" data-role="encoding" part="sp-ink">
  <path d="M248.32 223.81 C248.32 223.81, 248.32 223.81, 248.32 223.81 M248.32 223.81 C248.32 223.81, 248.32 223.81, 248.32 223.81 M248.26 233.03 C250.5 230.66, 252.44 228.35, 256.13 223.97 M248.26 233.03 C250.34 230.57, 252.37 228.15, 256.13 223.97 M248.19 242.25 C253.08 236.33, 259.73 229.88, 263.94 224.14 M248.19 242.25 C252.38 237.57, 255.44 233.49, 263.94 224.14 M248.13 251.47 C253.73 244.46, 260.38 235.9, 272.4 223.55 M248.13 251.47 C258.12 240.56, 266.95 228.96, 272.4 223.55 M248.06 260.69 C261.39 246.79, 273.92 231.09, 280.21 223.71 M248.06 260.69 C258.06 249.34, 267.92 238.33, 280.21 223.71 M248.66 269.15 C260.19 256.66, 271.25 243.05, 288.02 223.87 M248.66 269.15 C258.75 258.23, 268.74 246.51, 288.02 223.87 M248.59 278.37 C264.73 260.29, 279.18 242.19, 295.83 224.03 M248.59 278.37 C259.95 264.72, 272.31 251.03, 295.83 224.03 M255.09 280.04 C272.11 261.96, 287.31 243.4, 304.29 223.44 M255.09 280.04 C266.76 267.15, 278.55 253.59, 304.29 223.44 M263.55 279.45 C276.78 262.92, 291.28 247.91, 312.1 223.6 M263.55 279.45 C277.14 263.82, 289.69 248.81, 312.1 223.6 M271.36 279.62 C284.9 264.83, 297.8 249.76, 319.91 223.77 M271.36 279.62 C288.42 259.42, 305.57 239.53, 319.91 223.77 M279.17 279.78 C290.31 268, 300.55 255.48, 327.72 223.93 M279.17 279.78 C289.53 267.99, 300.13 255.72, 327.72 223.93 M286.98 279.94 C299.7 265.46, 313.38 249.93, 335.53 224.09 M286.98 279.94 C301.64 262.37, 317.09 245.48, 335.53 224.09 M294.79 280.1 C309.53 262.69, 325.07 246.54, 339.4 228.78 M294.79 280.1 C305.66 267.07, 317.16 255.03, 339.4 228.78 M303.25 279.51 C317.32 264.65, 329.72 249.4, 339.33 238 M303.25 279.51 C316.66 264.35, 330.38 248.33, 339.33 238 M311.06 279.68 C318.34 271.49, 323.37 263.95, 339.27 247.22 M311.06 279.68 C321.67 266.74, 332.69 254.2, 339.27 247.22 M318.87 279.84 C325.9 272.62, 331.41 263.77, 339.21 256.44 M318.87 279.84 C325.48 272.6, 332.13 264.77, 339.21 256.44 M326.68 280 C330.21 276.82, 332.42 273.92, 339.14 265.66 M326.68 280 C331.91 274.69, 336.88 269.1, 339.14 265.66 M335.14 279.41 C336.36 277.59, 338.37 275.99, 339.73 274.13 M335.14 279.41 C336.78 277.55, 338.04 276, 339.73 274.13" data-paint="stroke" data-role="hatch" part="sp-ink">
  <path d="M248.33,223.8H339V279.4H248.33Z" data-paint="stroke" data-role="encoding" part="sp-ink">
  <path d="M341.12 223.66 C341.12 223.66, 341.12 223.66, 341.12 223.66 M341.12 223.66 C341.12 223.66, 341.12 223.66, 341.12 223.66 M341.06 232.88 C343.48 229.49, 347.31 226.1, 348.93 223.82 M341.06 232.88 C343.78 229.63, 346.56 226.55, 348.93 223.82 M340.99 242.1 C344.99 237.36, 348.08 233.8, 356.74 223.98 M340.99 242.1 C344.93 237.99, 348.87 233.35, 356.74 223.98 M340.93 251.32 C349.38 241.01, 358.88 230.46, 364.55 224.15 M340.93 251.32 C345.93 245.83, 350.49 240.11, 364.55 224.15 M340.87 260.54 C348.89 252.03, 355.84 242.72, 373.01 223.55 M340.87 260.54 C351.89 248.02, 363.51 234.85, 373.01 223.55 M340.8 269.75 C349.44 258.48, 359.7 247.71, 380.82 223.72 M340.8 269.75 C352.02 257.64, 362.61 245.38, 380.82 223.72 M340.74 278.97 C357.94 259.41, 374.96 238.56, 388.63 223.88 M340.74 278.97 C355.94 261.01, 371.91 242.96, 388.63 223.88 M347.89 279.89 C363.55 261.81, 377.63 244.03, 396.44 224.04 M347.89 279.89 C366.1 258.52, 384.8 236.98, 396.44 224.04 M355.7 280.05 C369.08 264.68, 382.7 249.8, 404.9 223.45 M355.7 280.05 C368.72 265.73, 381.12 250.35, 404.9 223.45 M364.16 279.46 C382.47 259.43, 398.67 238.36, 412.71 223.61 M364.16 279.46 C378.95 262.98, 392.5 246.52, 412.71 223.61 M371.97 279.63 C387.4 260.71, 403.57 243.99, 420.52 223.78 M371.97 279.63 C390.39 258.23, 409.3 236.86, 420.52 223.78 M379.78 279.79 C397.06 259.75, 412.92 240.55, 428.33 223.94 M379.78 279.79 C396.29 260.53, 412.47 242, 428.33 223.94 M387.59 279.95 C401.39 263.96, 413.78 248.89, 432.2 228.63 M387.59 279.95 C402.82 262.21, 418.7 243.43, 432.2 228.63 M395.4 280.11 C409.36 262.81, 424.81 247.15, 432.14 237.85 M395.4 280.11 C408.1 265.63, 420.43 251.81, 432.14 237.85 M403.86 279.52 C409.3 271.86, 415.71 265.69, 432.07 247.07 M403.86 279.52 C414.15 267.64, 424.85 254.94, 432.07 247.07 M411.67 279.68 C415.58 274.56, 421.48 269.29, 432.01 256.29 M411.67 279.68 C417.75 272.85, 424.16 266.05, 432.01 256.29 M419.48 279.85 C423.09 275.27, 428.05 270.62, 431.95 265.51 M419.48 279.85 C423.52 275.39, 426.92 271.73, 431.95 265.51 M427.29 280.01 C429.03 278.26, 430.65 276.38, 431.88 274.73 M427.29 280.01 C428.88 278.29, 430.22 276.47, 431.88 274.73" data-paint="stroke" data-role="hatch" part="sp-ink">
  <path d="M341,223.8H431.67V279.4H341Z" data-paint="stroke" data-role="encoding" part="sp-ink">
  <path d="M433.93 223.5 C433.93 223.5, 433.93 223.5, 433.93 223.5 M433.93 223.5 C433.93 223.5, 433.93 223.5, 433.93 223.5 M433.86 232.72 C435.97 230.1, 437.94 227.43, 441.73 223.67 M433.86 232.72 C435.65 230.54, 437.6 228.61, 441.73 223.67 M433.8 241.94 C438.24 236.66, 442.74 230.56, 449.54 223.83 M433.8 241.94 C437.48 237.51, 441.4 233.21, 449.54 223.83 M433.73 251.16 C440.33 242.8, 448.13 235.48, 457.35 223.99 M433.73 251.16 C438.73 245.5, 444 239.93, 457.35 223.99 M433.67 260.38 C442.63 250.26, 452.05 240.16, 465.16 224.16 M433.67 260.38 C445.66 246.08, 457.89 231.96, 465.16 224.16 M433.61 269.6 C448.71 252.13, 464.19 233.41, 473.63 223.56 M433.61 269.6 C444.89 256.28, 456.82 243.65, 473.63 223.56 M433.54 278.82 C451.6 257.77, 470.98 234.4, 481.43 223.73 M433.54 278.82 C452.42 256.99, 471.84 234.76, 481.43 223.73 M440.69 279.74 C455.5 263.22, 470.49 245.96, 489.24 223.89 M440.69 279.74 C457.07 260.89, 473.14 242.35, 489.24 223.89 M448.5 279.9 C459.88 265.83, 472.28 253.27, 497.05 224.05 M448.5 279.9 C460.3 266.1, 472.22 252.54, 497.05 224.05 M456.31 280.06 C469.84 266.02, 481.61 249.93, 505.52 223.46 M456.31 280.06 C467.77 266.86, 479.68 253.65, 505.52 223.46 M464.78 279.47 C476.89 266.39, 487.46 253.03, 513.32 223.62 M464.78 279.47 C481.54 260.28, 498.14 240.08, 513.32 223.62 M472.58 279.63 C483.21 267.27, 495.13 253.79, 521.13 223.79 M472.58 279.63 C490.64 258.7, 508.46 238.51, 521.13 223.79 M480.39 279.8 C491.17 267.04, 504.02 253.04, 525 228.48 M480.39 279.8 C491.34 266.95, 503.57 253.51, 525 228.48 M488.2 279.96 C496.04 270.74, 503.35 261.61, 524.94 237.7 M488.2 279.96 C498.83 267.34, 510.43 255.11, 524.94 237.7 M496.67 279.37 C502.06 272.24, 508.05 265.63, 524.88 246.92 M496.67 279.37 C506.45 267.8, 516.85 255.83, 524.88 246.92 M504.47 279.53 C511 271.71, 517.75 263.54, 524.81 256.14 M504.47 279.53 C509.9 273.11, 515.15 267.32, 524.81 256.14 M512.28 279.69 C515.27 276.51, 517.06 272.99, 524.75 265.35 M512.28 279.69 C515.12 276.95, 516.97 274.37, 524.75 265.35 M520.09 279.86 C521.68 278.18, 523.56 276.02, 524.68 274.57 M520.09 279.86 C521.65 278.28, 523.05 276.5, 524.68 274.57" data-paint="stroke" data-role="hatch" part="sp-ink">
  <path d="M433.67,223.8H524.33V279.4H433.67Z" data-paint="stroke" data-role="encoding" part="sp-ink">
  <path d="M526.07 224.1 C526.07 224.1, 526.07 224.1, 526.07 224.1 M526.07 224.1 C526.07 224.1, 526.07 224.1, 526.07 224.1 M526.2 236.14 C530.7 231.29, 534.39 227.72, 536.7 224.07 M526.2 236.14 C529.37 232.19, 532.25 228.73, 536.7 224.07 M526.33 248.18 C535.04 238.16, 542.94 229.01, 547.33 224.03 M526.33 248.18 C531.09 242.84, 536.21 236.58, 547.33 224.03 M526.47 260.22 C533 251.61, 540.88 243.68, 557.96 224 M526.47 260.22 C533.21 252.23, 540.04 243.9, 557.96 224 M526.6 272.26 C540.41 256.09, 554.2 239.13, 568.59 223.96 M526.6 272.26 C536.58 261.34, 545.73 250.49, 568.59 223.96 M530.67 279.78 C547.41 260.39, 563.01 241.38, 579.22 223.93 M530.67 279.78 C545.22 263.16, 560.18 246.3, 579.22 223.93 M541.3 279.74 C552.58 266.5, 563.09 253.26, 589.85 223.89 M541.3 279.74 C554.46 264.6, 567.92 249.01, 589.85 223.89 M551.93 279.71 C565.59 264.75, 579.68 248.02, 600.48 223.86 M551.93 279.71 C565.29 264.28, 578.72 248.74, 600.48 223.86 M562.56 279.67 C573.92 266.7, 583.46 254.47, 611.11 223.83 M562.56 279.67 C574.52 266.21, 585.22 253.38, 611.11 223.83 M573.19 279.64 C589.69 260.88, 604.74 244.47, 617.15 229.07 M573.19 279.64 C589.31 261.12, 606.35 241.45, 617.15 229.07 M583.82 279.61 C595.3 266.97, 606.56 253.61, 617.28 241.11 M583.82 279.61 C594.19 267.47, 604.63 255.71, 617.28 241.11 M594.45 279.57 C601.9 271.05, 608.01 263.11, 617.41 253.16 M594.45 279.57 C599.49 274.01, 604.09 269.26, 617.41 253.16 M605.08 279.54 C607.53 276.85, 611.56 272.5, 617.55 265.2 M605.08 279.54 C609.97 274.41, 614.14 269.34, 617.55 265.2 M615.71 279.5 C616.28 279, 616.72 278.55, 617.68 277.24 M615.71 279.5 C616.22 278.94, 616.67 278.4, 617.68 277.24" data-paint="stroke" data-role="hatch" part="sp-ink">
  <path d="M526.33,223.8H617V279.4H526.33Z" data-paint="stroke" data-role="encoding" part="sp-ink">
  <path d="M63.03 281.37 C63.03 281.37, 63.03 281.37, 63.03 281.37 M63.03 281.37 C63.03 281.37, 63.03 281.37, 63.03 281.37 M62.7 296.98 C66.26 292.06, 69.76 288.59, 76.48 281.14 M62.7 296.98 C67.99 290.51, 73.08 284.79, 76.48 281.14 M63.03 311.85 C69.87 304.02, 76.71 296.96, 89.28 281.66 M63.03 311.85 C68.71 304.84, 74.97 298.48, 89.28 281.66 M62.71 327.46 C76.01 310.87, 90.83 296.25, 102.73 281.43 M62.71 327.46 C72.38 316.79, 81.06 306.27, 102.73 281.43 M67.63 337.04 C85.5 315.64, 104.93 294.25, 116.18 281.19 M67.63 337.04 C80.76 322.5, 93.82 307.03, 116.18 281.19 M80.43 337.57 C95.5 321.63, 109.72 304.34, 128.97 281.72 M80.43 337.57 C96.1 319.81, 111.64 301.52, 128.97 281.72 M93.88 337.33 C106.34 322.57, 119.23 306.79, 142.43 281.49 M93.88 337.33 C110.47 318.01, 127.42 298.19, 142.43 281.49 M107.33 337.1 C119.32 322.5, 131.99 308.69, 153.91 283.52 M107.33 337.1 C117.51 324.96, 128.76 312.95, 153.91 283.52 M120.13 337.63 C127.02 329.09, 134.4 322.32, 154.24 298.38 M120.13 337.63 C127.83 329.32, 135.02 319.98, 154.24 298.38 M133.58 337.39 C137.86 330.94, 144.59 326.06, 153.91 314 M133.58 337.39 C140.03 329.68, 146.31 322.59, 153.91 314 M147.03 337.16 C149.36 334.86, 150.35 332.8, 154.24 328.86 M147.03 337.16 C148.97 334.64, 151.05 332.63, 154.24 328.86" data-paint="stroke" data-role="hatch" part="sp-ink">
  <path d="M63,281.4H153.67V337H63Z" data-paint="stroke" data-role="encoding" part="sp-ink">
  <path d="M155.83 281.21 C155.83 281.21, 155.83 281.21, 155.83 281.21 M155.83 281.21 C155.83 281.21, 155.83 281.21, 155.83 281.21 M155.51 296.83 C161 292.15, 165.65 285.26, 168.63 281.74 M155.51 296.83 C158.98 292.36, 162.44 288.85, 168.63 281.74 M155.84 311.69 C163.89 302.33, 172.9 291.84, 182.08 281.51 M155.84 311.69 C162.11 305.34, 167.4 298.46, 182.08 281.51 M155.51 327.31 C165.65 314.18, 177.45 302.5, 195.53 281.27 M155.51 327.31 C165.33 316.36, 174.85 304.94, 195.53 281.27 M159.78 337.64 C172.03 324.31, 181.72 312.03, 208.98 281.04 M159.78 337.64 C174.76 320.06, 189.54 303.25, 208.98 281.04 M173.23 337.41 C184.55 323.39, 197.37 309.61, 221.78 281.56 M173.23 337.41 C190.02 318.26, 206.16 299.44, 221.78 281.56 M186.68 337.18 C201.82 319.36, 217.09 302.83, 235.23 281.33 M186.68 337.18 C197.29 325.11, 208.03 312.23, 235.23 281.33 M199.48 337.7 C210.81 324.44, 222.78 310.93, 246.71 283.36 M199.48 337.7 C217.5 316.97, 234.87 296.84, 246.71 283.36 M212.93 337.47 C225.16 321.84, 238.62 307.19, 247.04 298.23 M212.93 337.47 C219.81 329.31, 226.87 321.37, 247.04 298.23 M226.38 337.24 C232.83 328.9, 240.11 321.17, 246.72 313.84 M226.38 337.24 C231.26 331.09, 236.53 325.49, 246.72 313.84 M239.83 337.01 C242.46 334.21, 245.55 331.31, 247.05 328.71 M239.83 337.01 C241.56 335.03, 243.52 332.92, 247.05 328.71" data-paint="stroke" data-role="hatch" part="sp-ink">
  <path d="M155.67,281.4H246.33V337H155.67Z" data-paint="stroke" data-role="encoding" part="sp-ink">
  <path d="M248.63 281.06 C248.63 281.06, 248.63 281.06, 248.63 281.06 M248.63 281.06 C248.63 281.06, 248.63 281.06, 248.63 281.06 M248.11 293.85 C250.64 291.18, 253.33 288.07, 258.6 281.78 M248.11 293.85 C251.67 290, 255.43 285.59, 258.6 281.78 M248.24 305.89 C252.99 300.47, 256.04 295.63, 269.23 281.74 M248.24 305.89 C253.06 300.58, 257.14 295.41, 269.23 281.74 M248.37 317.93 C260.05 304.65, 273.55 290.5, 279.86 281.71 M248.37 317.93 C256.21 308.91, 263.56 299.91, 279.86 281.71 M248.51 329.97 C260.64 316.23, 271.78 302.54, 290.49 281.67 M248.51 329.97 C262.95 313.08, 277.68 296.21, 290.49 281.67 M252.58 337.49 C262.24 327.17, 271.87 315.11, 301.12 281.64 M252.58 337.49 C269.58 317.83, 287.21 297.58, 301.12 281.64 M263.21 337.45 C279.22 318.37, 296.87 299.3, 311.75 281.6 M263.21 337.45 C277.55 321.2, 291.77 304.09, 311.75 281.6 M273.84 337.42 C284.35 325.34, 295.74 311.98, 322.38 281.57 M273.84 337.42 C289.33 319.53, 305.46 300.94, 322.38 281.57 M284.47 337.38 C302.17 316.54, 320.05 297.71, 333.01 281.53 M284.47 337.38 C304.2 314.93, 322.76 293.09, 333.01 281.53 M295.1 337.35 C305.61 324.71, 317.22 311.88, 339.71 286.03 M295.1 337.35 C313.06 317.19, 330.09 296.46, 339.71 286.03 M305.73 337.31 C314.12 325.95, 324.77 315.7, 339.18 298.82 M305.73 337.31 C312.86 328.8, 320.59 320.62, 339.18 298.82 M316.36 337.28 C323.69 328.63, 332.73 318.53, 339.32 310.86 M316.36 337.28 C323.28 329.25, 330.37 321.44, 339.32 310.86 M326.99 337.25 C330.27 332.37, 335.91 328.23, 339.45 322.91 M326.99 337.25 C330.59 332.97, 333.76 329.45, 339.45 322.91 M337.62 337.21 C338.3 336.51, 338.71 335.97, 339.58 334.95 M337.62 337.21 C338.27 336.45, 338.93 335.69, 339.58 334.95" data-paint="stroke" data-role="hatch" part="sp-ink">
  <path d="M248.33,281.4H339V337H248.33Z" data-paint="stroke" data-role="encoding" part="sp-ink">
  <path d="M340.78 281.66 C340.78 281.66, 340.78 281.66, 340.78 281.66 M340.78 281.66 C340.78 281.66, 340.78 281.66, 340.78 281.66 M340.91 293.7 C345.13 289.62, 348.88 285.06, 351.41 281.62 M340.91 293.7 C343.23 291.22, 345.89 288.33, 351.41 281.62 M341.04 305.74 C346.63 299.23, 353.27 291.41, 362.04 281.59 M341.04 305.74 C345.59 300.92, 349.63 295.22, 362.04 281.59 M341.18 317.78 C350.36 307.16, 359.74 295.17, 372.67 281.55 M341.18 317.78 C348.88 308.53, 357.01 299.61, 372.67 281.55 M341.31 329.82 C355.26 313.52, 367.71 298.29, 383.3 281.52 M341.31 329.82 C357.16 311.32, 374.04 292.73, 383.3 281.52 M345.38 337.33 C362.79 317.5, 378.95 297.78, 393.93 281.48 M345.38 337.33 C363.51 316.54, 381.73 295.76, 393.93 281.48 M356.01 337.3 C374.7 316.7, 392.93 295.09, 404.56 281.45 M356.01 337.3 C374.08 316.86, 391.8 296.42, 404.56 281.45 M366.64 337.26 C376.3 324.68, 386.8 313.65, 415.19 281.42 M366.64 337.26 C380.31 321.9, 392.9 306.31, 415.19 281.42 M377.27 337.23 C393.15 317.75, 409.97 299.24, 425.82 281.38 M377.27 337.23 C395.96 316.27, 414.2 294.25, 425.82 281.38 M387.9 337.2 C402.57 320.27, 418.67 302.13, 431.85 286.63 M387.9 337.2 C402.41 320.48, 417.66 303.16, 431.85 286.63 M398.53 337.16 C411.63 322.35, 424.73 308.01, 431.99 298.67 M398.53 337.16 C411.21 322.82, 423.83 307.53, 431.99 298.67 M409.16 337.13 C414.64 330.67, 419.2 324.58, 432.12 310.71 M409.16 337.13 C416.91 328.32, 423.94 319.79, 432.12 310.71 M419.79 337.09 C423.12 332.45, 426.75 328.18, 432.25 322.75 M419.79 337.09 C424.65 332, 428.87 326.51, 432.25 322.75 M430.42 337.06 C430.97 336.38, 431.73 335.64, 432.39 334.79 M430.42 337.06 C431.05 336.42, 431.6 335.74, 432.39 334.79" data-paint="stroke" data-role="hatch" part="sp-ink">
  <path d="M341,281.4H431.67V337H341Z" data-paint="stroke" data-role="encoding" part="sp-ink">
  <path d="M433.58 281.5 C433.58 281.5, 433.58 281.5, 433.58 281.5 M433.58 281.5 C433.58 281.5, 433.58 281.5, 433.58 281.5 M433.71 293.54 C436.08 290.54, 438.79 286.93, 444.21 281.47 M433.71 293.54 C436.89 290.08, 440.54 286.31, 444.21 281.47 M433.85 305.59 C442.07 296.2, 448.69 288.98, 454.84 281.44 M433.85 305.59 C438.11 300.48, 443.01 295.14, 454.84 281.44 M433.98 317.63 C440.68 309.68, 447.73 301.65, 465.47 281.4 M433.98 317.63 C442.65 307.98, 450.65 298.23, 465.47 281.4 M433.46 330.42 C449.21 311.51, 465.01 294.47, 476.1 281.37 M433.46 330.42 C443.36 318.89, 452.34 308.09, 476.1 281.37 M438.18 337.18 C453.93 319.25, 468.71 303.05, 486.73 281.33 M438.18 337.18 C457.43 314.99, 476.24 293.67, 486.73 281.33 M448.81 337.15 C458.67 324.66, 469.57 313.47, 497.36 281.3 M448.81 337.15 C460.9 323.96, 472.4 310.46, 497.36 281.3 M459.44 337.11 C479.47 314.92, 498.77 293.24, 507.99 281.26 M459.44 337.11 C470.09 324.27, 480.94 312.58, 507.99 281.26 M470.07 337.08 C485.93 318.7, 499.9 302.31, 518.62 281.23 M470.07 337.08 C487.72 316.46, 505.64 296.06, 518.62 281.23 M480.7 337.04 C490.9 325.51, 502.87 312, 524.66 286.48 M480.7 337.04 C493.2 322.57, 505.13 309.27, 524.66 286.48 M491.33 337.01 C500.65 326.45, 511.31 313.91, 524.79 298.52 M491.33 337.01 C502.87 323.46, 514.58 309.66, 524.79 298.52 M501.96 336.97 C510.04 329.35, 516.51 320.18, 524.92 310.56 M501.96 336.97 C509.79 327.38, 518.55 318.13, 524.92 310.56 M511.94 337.69 C515.49 333.04, 519 330.23, 525.06 322.6 M511.94 337.69 C515.75 333.66, 519.58 329.74, 525.06 322.6 M522.57 337.66 C523.25 337.01, 523.82 336.06, 524.53 335.39 M522.57 337.66 C523.03 337.01, 523.6 336.41, 524.53 335.39" data-paint="stroke" data-role="hatch" part="sp-ink">
  <path d="M433.67,281.4H524.33V337H433.67Z" data-paint="stroke" data-role="encoding" part="sp-ink">
  <path d="M526.38 281.35 C526.38 281.35, 526.38 281.35, 526.38 281.35 M526.38 281.35 C526.38 281.35, 526.38 281.35, 526.38 281.35 M526.05 296.96 C531.35 291.18, 536.31 286.38, 539.83 281.11 M526.05 296.96 C531.26 291.02, 536.42 284.91, 539.83 281.11 M526.38 311.83 C532.42 304.8, 537.82 298.07, 552.62 281.64 M526.38 311.83 C531.44 306.11, 537.35 299.91, 552.62 281.64 M526.06 327.44 C539.52 311.32, 553.51 294.78, 566.08 281.41 M526.06 327.44 C537.09 314.93, 547.28 302.6, 566.08 281.41 M530.98 337.02 C541.04 325.91, 550.94 313.84, 579.53 281.17 M530.98 337.02 C543.87 322.04, 556.62 307.69, 579.53 281.17 M543.77 337.54 C555.77 323.07, 569.16 308.58, 592.32 281.7 M543.77 337.54 C554.43 326.03, 564.12 314.45, 592.32 281.7 M557.23 337.31 C569.77 323.31, 581.24 309.58, 605.77 281.46 M557.23 337.31 C572.75 319.95, 587.74 302.21, 605.77 281.46 M570.68 337.08 C588.81 317.31, 606.46 295.23, 617.26 283.5 M570.68 337.08 C587.58 317.33, 605.68 297.42, 617.26 283.5 M583.47 337.6 C593.55 326.98, 604.03 314, 617.59 298.36 M583.47 337.6 C596.12 323.25, 607.7 309.47, 617.59 298.36 M596.93 337.37 C603.4 328.8, 610.17 320.87, 617.26 313.98 M596.93 337.37 C601.15 332.12, 605.55 326.92, 617.26 313.98 M610.38 337.14 C612 335.28, 613.2 334.02, 617.59 328.84 M610.38 337.14 C612.54 334.32, 614.93 331.63, 617.59 328.84" data-paint="stroke" data-role="hatch" part="sp-ink">
  <path d="M526.33,281.4H617V337H526.33Z" data-paint="stroke" data-role="encoding" part="sp-ink">
  <text data-kind="title" part="sp-text" text-anchor="start" x="16" y="27">
    "Load by weekday"
  <text data-kind="badge" part="sp-axis" text-anchor="end" x="624" y="27">
    "Week 26"
  <text data-kind="footer" part="sp-axis" text-anchor="start" x="16" y="370">
    "of 100"
  <text data-kind="footer" part="sp-axis" text-anchor="end" x="624" y="370">
    "silverpoint"
  <text data-kind="tick" part="sp-text" text-anchor="start" x="22" y="82.8">
    "Mon"
  <text data-kind="tick" part="sp-text" text-anchor="middle" x="108.33" y="82.8">
    "12"
  <text data-kind="tick" part="sp-text" text-anchor="middle" x="201" y="82.8">
    "34"
  <text data-kind="tick" part="sp-text" text-anchor="middle" x="293.67" y="82.8">
    "58"
  <text data-kind="tick" part="sp-text" text-anchor="middle" x="386.33" y="82.8">
    "71"
  <text data-kind="tick" part="sp-text" text-anchor="middle" x="479" y="82.8">
    "66"
  <text data-kind="tick" part="sp-text" text-anchor="middle" x="571.67" y="82.8">
    "40"
  <text data-kind="tick" part="sp-text" text-anchor="start" x="22" y="140.4">
    "Tue"
  <text data-kind="tick" part="sp-text" text-anchor="middle" x="108.33" y="140.4">
    "18"
  <text data-kind="tick" part="sp-text" text-anchor="middle" x="201" y="140.4">
    "42"
  <text data-kind="tick" part="sp-text" text-anchor="middle" x="293.67" y="140.4">
    "77"
  <text data-kind="tick" part="sp-text" text-anchor="middle" x="386.33" y="140.4">
    "88"
  <text data-kind="tick" part="sp-text" text-anchor="middle" x="479" y="140.4">
    "70"
  <text data-kind="tick" part="sp-text" text-anchor="middle" x="571.67" y="140.4">
    "35"
  <text data-kind="tick" part="sp-text" text-anchor="start" x="22" y="198">
    "Wed"
  <text data-kind="tick" part="sp-text" text-anchor="middle" x="108.33" y="198">
    "9"
  <text data-kind="tick" part="sp-text" text-anchor="middle" x="201" y="198">
    "38"
  <text data-kind="tick" part="sp-text" text-anchor="middle" x="293.67" y="198">
    "64"
  <text data-kind="tick" part="sp-text" text-anchor="middle" x="386.33" y="198">
    "93"
  <text data-kind="tick" part="sp-text" text-anchor="middle" x="479" y="198">
    "81"
  <text data-kind="tick" part="sp-text" text-anchor="middle" x="571.67" y="198">
    "47"
  <text data-kind="tick" part="sp-text" text-anchor="start" x="22" y="255.6">
    "Thu"
  <text data-kind="tick" part="sp-text" text-anchor="middle" x="108.33" y="255.6">
    "15"
  <text data-kind="tick" part="sp-text" text-anchor="middle" x="201" y="255.6">
    "29"
  <text data-kind="tick" part="sp-text" text-anchor="middle" x="293.67" y="255.6">
    "55"
  <text data-kind="tick" part="sp-text" text-anchor="middle" x="386.33" y="255.6">
    "68"
  <text data-kind="tick" part="sp-text" text-anchor="middle" x="479" y="255.6">
    "59"
  <text data-kind="tick" part="sp-text" text-anchor="middle" x="571.67" y="255.6">
    "31"
  <text data-kind="tick" part="sp-text" text-anchor="start" x="22" y="313.2">
    "Fri"
  <text data-kind="tick" part="sp-text" text-anchor="middle" x="108.33" y="313.2">
    "6"
  <text data-kind="tick" part="sp-text" text-anchor="middle" x="201" y="313.2">
    "21"
  <text data-kind="tick" part="sp-text" text-anchor="middle" x="293.67" y="313.2">
    "43"
  <text data-kind="tick" part="sp-text" text-anchor="middle" x="386.33" y="313.2">
    "49"
  <text data-kind="tick" part="sp-text" text-anchor="middle" x="479" y="313.2">
    "37"
  <text data-kind="tick" part="sp-text" text-anchor="middle" x="571.67" y="313.2">
    "14"