<svg aria-labelledby="chord-ring--silverpoint--cream--ink--lg--per-shape-title chord-ring--silverpoint--cream--ink--lg--per-shape-desc" class="sp-chart sp-ground-silverpoint" data-mode="ink" data-substrate="cream" height="390" role="img" viewBox="0 0 640 390" width="640" xmlns="http://www.w3.org/2000/svg">
  <title id="chord-ring--silverpoint--cream--ink--lg--per-shape-title">
    "Site journeys"
  <desc id="chord-ring--silverpoint--cream--ink--lg--per-shape-desc">
    "Site journeys. Chord ring of 8 flows between 5 categories; the busiest is Shop, sending 46."
  <path d="M0.5 0.5 C133.17 -0.17, 265.01 0.09, 639.5 0.5 M0.5 0.5 C183.44 0.41, 366.26 0.52, 639.5 0.5 M639.5 0.5 C639.31 143.29, 639.58 286.19, 639.5 389.5 M639.5 0.5 C639.22 87.46, 639.54 174.25, 639.5 389.5 M639.5 389.5 C454 388.73, 269 388.69, 0.5 389.5 M639.5 389.5 C404 389.99, 168.67 389.93, 0.5 389.5 M0.5 389.5 C1.03 266.72, 1.33 144.05, 0.5 0.5 M0.5 389.5 C0.17 244.36, 0.5 98.64, 0.5 0.5" data-paint="stroke" data-role="ornament" part="sp-rule">
  <path d="M16 352 C142.22 352.34, 267.93 352.02, 624 352 M16 352 C194.43 351.81, 373.16 351.55, 624 352" data-paint="stroke" data-role="ornament" part="sp-rule">
  <path d="M320.24 63.73 C320.24 63.73, 320.24 63.73, 320.24 63.73 M320.24 63.73 C320.24 63.73, 320.24 63.73, 320.24 63.73 M323.85 74.82 C326.72 71.37, 330.06 68.16, 332.38 65 M323.85 74.82 C326.46 71.81, 328.9 69.14, 332.38 65 M335.99 76.09 C338.81 72.41, 342.17 69.03, 344.52 66.28 M335.99 76.09 C339.39 72.69, 342.18 69.02, 344.52 66.28 M347.47 78.13 C350.15 75.04, 352.73 72.42, 354.69 69.82 M347.47 78.13 C349.99 75.35, 352.29 72.53, 354.69 69.82 M358.3 80.91 C360.9 78.46, 362.85 75.66, 365.52 72.61 M358.3 80.91 C360.67 78.15, 363.18 74.96, 365.52 72.61 M367.81 85.21 C370.8 82.3, 373.42 79.06, 375.03 76.91 M367.81 85.21 C369.48 83.59, 370.75 81.37, 375.03 76.91 M377.33 89.51 C379.51 86.93, 381.6 84.42, 384.55 81.2 M377.33 89.51 C380.37 86.38, 382.83 82.84, 384.55 81.2 M386.19 94.56 C388.58 92.63, 390.56 89.67, 392.75 87.01 M386.19 94.56 C387.9 92.64, 389.59 90.44, 392.75 87.01 M393.74 101.12 C396.31 98.68, 398.01 95.68, 400.95 92.82 M393.74 101.12 C396.76 97.73, 399.52 94.43, 400.95 92.82 M401.94 106.92 C403.93 104.19, 406.33 101.62, 408.5 99.38 M401.94 106.92 C403.97 104.73, 406.14 102.18, 408.5 99.38 M408.83 114.24 C411.21 112.17, 413.13 109.35, 415.39 106.69 M408.83 114.24 C411.33 111.55, 413.27 108.9, 415.39 106.69 M415.72 121.55 C417.68 119.65, 419.09 117.96, 422.28 114.01 M415.72 121.55 C418.26 118.61, 420.71 115.53, 422.28 114.01 M421.3 130.38 C422.84 128.91, 423.99 126.87, 427.86 122.83 M421.3 130.38 C423.2 127.88, 425.63 125.83, 427.86 122.83 M426.22 139.96 C428.47 137.36, 431.05 134.54, 433.44 131.66 M426.22 139.96 C429.12 136.73, 432.01 133.27, 433.44 131.66 M431.15 149.54 C432.73 147.99, 434.73 145.95, 438.36 141.24 M431.15 149.54 C433 147.44, 435.2 145.12, 438.36 141.24 M434.76 160.63 C437.08 158.38, 438.8 155.25, 442.63 151.57 M434.76 160.63 C436.26 158.66, 438.09 156.69, 442.63 151.57 M437.71 172.47 C441.27 169.11, 443.97 165.55, 446.24 162.66 M437.71 172.47 C439.59 169.76, 441.83 167.3, 446.24 162.66 M439.35 185.82 C441.53 182.83, 444.5 179.59, 447.88 176.01 M439.35 185.82 C441.36 183.55, 443.59 181.31, 447.88 176.01" data-paint="stroke" data-role="hatch" part="sp-ink">
  <path d="M320,64A130,130,0,0,1,449.69,185.04L439.32,185.75A119.6,119.6,0,0,0,320,74.4Z" data-paint="stroke" data-role="encoding" part="sp-ink">
  <path d="M252.17 292.08 C252.17 292.08, 252.17 292.08, 252.17 292.08 M252.17 292.08 C252.17 292.08, 252.17 292.08, 252.17 292.08 M251.65 304.88 C254.39 301.94, 256.71 298.37, 258.86 296.58 M251.65 304.88 C253.85 302.67, 255.92 300.08, 258.86 296.58 M259 308.62 C261.14 306.59, 262.89 304.14, 266.21 300.32 M259 308.62 C261.17 306.49, 262.96 304.12, 266.21 300.32 M266.35 312.36 C267.89 310.45, 269.65 308.19, 273.56 304.06 M266.35 312.36 C268.43 309.99, 270.41 307.8, 273.56 304.06 M273.7 316.1 C275.56 314.83, 277.33 312.08, 281.57 307.04 M273.7 316.1 C276.52 313.08, 278.73 310.12, 281.57 307.04 M282.36 318.33 C284.43 315.76, 286.16 313.4, 289.58 310.03 M282.36 318.33 C284.99 315.06, 287.73 311.68, 289.58 310.03 M291.02 320.56 C292.93 317.54, 295.55 315.59, 298.24 312.25 M291.02 320.56 C293.39 317.77, 296 314.68, 298.24 312.25 M299.68 322.79 C301.59 320.3, 304.15 317.69, 308.21 312.97 M299.68 322.79 C301.93 320.25, 304.36 317.63, 308.21 312.97 M309 324.26 C312.57 320.15, 316.4 315.97, 318.19 313.7 M309 324.26 C312.02 320.62, 315.32 316.42, 318.19 313.7 M319.63 324.23 C323.11 320.54, 326.21 315.67, 328.82 313.66 M319.63 324.23 C323.18 320.04, 326.91 316.29, 328.82 313.66 M330.26 324.19 C333.86 318.95, 338.47 315.33, 340.76 312.12 M330.26 324.19 C333.14 321.27, 335.97 317.72, 340.76 312.12 M439.17 198.91 C442.09 195.87, 444.84 192.04, 446.38 190.61 M439.17 198.91 C441.36 196.66, 443.32 194.3, 446.38 190.61 M342.2 322.65 C346.87 316.12, 351.85 311.06, 354.67 308.31 M342.2 322.65 C346.34 318.38, 349.3 313.99, 354.67 308.31 M438.64 211.71 C443.08 207.29, 447.37 201.84, 449.8 198.88 M438.64 211.71 C442.26 207.77, 445.38 203.98, 449.8 198.88 M356.11 318.84 C359.1 315.01, 363.05 311.23, 369.89 302.99 M356.11 318.84 C360.36 313.86, 365.08 308.63, 369.89 302.99 M434.84 228.27 C440.19 222.6, 444.94 216.1, 448.62 212.43 M434.84 228.27 C439.14 223.59, 442.84 218.7, 448.62 212.43 M371.34 313.52 C376.71 305.9, 384.31 300.21, 391.67 290.13 M371.34 313.52 C379.38 305.19, 386.53 295.78, 391.67 290.13 M424.48 252.39 C432.74 241.62, 441.43 231.87, 446.78 226.73 M424.48 252.39 C430.64 245.88, 435.77 239.02, 446.78 226.73 M391.15 302.92 C403.43 289.29, 413.84 275.98, 437.73 249.34 M391.15 302.92 C403.74 287.83, 417.1 273.62, 437.73 249.34" data-paint="stroke" data-role="hatch" part="sp-ink">
  <path d="M449.95,190.23A130,130,0,0,1,246.02,300.9L251.94,292.35A119.6,119.6,0,0,0,439.55,190.53Z" data-paint="stroke" data-role="encoding" part="sp-ink">
  <path d="M190.72 183.02 C190.72 183.02, 190.72 183.02, 190.72 183.02 M190.72 183.02 C190.72 183.02, 190.72 183.02, 190.72 183.02 M190 192.99 C191.94 190.46, 194.02 188.35, 197.87 183.93 M190 192.99 C191.93 190.79, 193.67 188.59, 197.87 183.93 M190.59 201.46 C192.07 199.72, 194.13 196.26, 201.09 189.38 M190.59 201.46 C194.23 197.47, 197.86 193.21, 201.09 189.38 M191.18 209.92 C194.54 205.87, 199.09 201.38, 201.03 198.6 M191.18 209.92 C193.46 207.02, 195.91 204.74, 201.03 198.6 M192.43 217.63 C195.45 215.13, 197.1 212, 201.62 207.06 M192.43 217.63 C195.62 214.28, 198.41 211.22, 201.62 207.06 M194.34 224.58 C196.35 222.34, 198.42 220.16, 202.87 214.77 M194.34 224.58 C197.19 221.38, 200.39 217.42, 202.87 214.77 M195.58 232.29 C197.78 229.11, 201.22 225.46, 204.11 222.48 M195.58 232.29 C198.59 228.8, 201.21 225.71, 204.11 222.48 M198.14 238.5 C201.07 234.82, 203.74 232.48, 206.02 229.44 M198.14 238.5 C201.12 235.01, 204.08 231.2, 206.02 229.44 M200.7 244.7 C202.83 242.62, 205.3 239.66, 208.58 235.64 M200.7 244.7 C202.9 242.52, 204.8 240.04, 208.58 235.64 M203.26 250.9 C206.41 246.99, 209.45 244.11, 211.14 241.84 M203.26 250.9 C205.27 248.36, 207.39 246.37, 211.14 241.84 M206.48 256.34 C208.73 253.7, 210.86 250.77, 213.7 248.04 M206.48 256.34 C208.59 253.71, 210.6 251.66, 213.7 248.04 M209.7 261.79 C212.05 259.11, 214.08 255.94, 216.91 253.49 M209.7 261.79 C211.77 259.45, 213.24 257.47, 216.91 253.49 M212.91 267.23 C215.05 265.08, 217.11 262.47, 220.13 258.93 M212.91 267.23 C214.95 265.11, 216.72 262.89, 220.13 258.93 M216.79 271.92 C218.66 269.36, 221.53 267.11, 223.35 264.38 M216.79 271.92 C219.47 268.89, 221.51 266.08, 223.35 264.38 M220 277.37 C221.36 275.38, 222.77 273.6, 227.22 269.07 M220 277.37 C222.22 274.62, 224.57 272.09, 227.22 269.07 M224.53 281.31 C226.67 278.6, 229.19 275.29, 231.09 273.76 M224.53 281.31 C226.92 278.51, 229.5 275.59, 231.09 273.76 M228.4 286 C230.73 283.31, 233.15 280.82, 234.96 278.45 M228.4 286 C230.38 283.75, 231.86 282.07, 234.96 278.45 M232.93 289.93 C235.51 286.68, 237.95 283.96, 239.49 282.39 M232.93 289.93 C235.12 287.54, 237.4 284.9, 239.49 282.39 M237.46 293.87 C239.64 291.29, 241.33 288.91, 244.02 286.32 M237.46 293.87 C239.37 291.95, 241.19 289.73, 244.02 286.32" data-paint="stroke" data-role="hatch" part="sp-ink">
  <path d="M241.81,297.86A130,130,0,0,1,190.44,183.34L200.8,184.19A119.6,119.6,0,0,0,248.06,289.55Z" data-paint="stroke" data-role="encoding" part="sp-ink">
  <path d="M226.24 103.92 C226.24 103.92, 226.24 103.92, 226.24 103.92 M226.24 103.92 C226.24 103.92, 226.24 103.92, 226.24 103.92 M201.9 141.06 C213.76 128.85, 223.68 115.74, 251.76 83.7 M201.9 141.06 C217.25 123.87, 232.7 106.01, 251.76 83.7 M196.59 156.32 C203.91 148.22, 211.05 140.27, 220.21 129.15 M196.59 156.32 C202.47 149.04, 208.48 142.33, 220.21 129.15 M239.23 107.26 C245.81 100.6, 251.23 94.36, 266.79 75.56 M239.23 107.26 C249.77 94.55, 260.37 82.19, 266.79 75.56 M193.25 169.31 C196.01 164.74, 200.05 160.95, 208.33 151.95 M193.25 169.31 C199.12 162.69, 204.9 155.26, 208.33 151.95 M261.48 90.82 C263.68 88.05, 266.15 84.98, 269.35 81.76 M261.48 90.82 C264.02 87.95, 266.44 85.12, 269.35 81.76 M192.52 179.28 C195.63 176.33, 198.12 173.94, 203.68 166.45 M192.52 179.28 C194.93 176.54, 197.05 174.11, 203.68 166.45 M200.33 179.45 C200.7 178.97, 201.13 178.65, 201.65 177.94 M200.33 179.45 C200.64 179.07, 200.95 178.68, 201.65 177.94 M190.96 178.16 C190.96 178.16, 190.96 178.16, 190.96 178.16 M190.96 178.16 C190.96 178.16, 190.96 178.16, 190.96 178.16 M201.69 179.54 C199.34 177.96, 197.7 175.63, 192.63 171.66 M201.69 179.54 C198.66 177.07, 195.41 174.01, 192.63 171.66 M202.6 172.38 C200.64 170.45, 198.77 169.06, 193.55 164.51 M202.6 172.38 C199.12 169.45, 196.04 166.68, 193.55 164.51 M204.28 165.89 C201.59 163.33, 199.81 161.46, 195.22 158.01 M204.28 165.89 C200.47 162.51, 197.06 159.51, 195.22 158.01 M205.95 159.39 C203.87 158, 202.85 156.76, 197.65 152.17 M205.95 159.39 C203.86 157.83, 202.09 155.88, 197.65 152.17 M208.37 153.55 C205.19 151.35, 201.96 148.16, 199.32 145.68 M208.37 153.55 C206.04 151.31, 203.36 149.36, 199.32 145.68 M210.05 147.05 C207.23 144.57, 203.26 141.18, 201.75 139.84 M210.05 147.05 C207.24 144.6, 204.43 142.08, 201.75 139.84 M213.23 141.87 C210.32 139.1, 207.34 137.26, 204.93 134.65 M213.23 141.87 C211.03 140.07, 208.74 138.34, 204.93 134.65 M215.66 136.03 C212.99 133.68, 210.88 131.7, 207.35 128.81 M215.66 136.03 C213.18 133.76, 210.99 131.85, 207.35 128.81 M218.84 130.84 C216.59 128.9, 213.23 125.98, 210.54 123.63 M218.84 130.84 C216.43 128.96, 214.57 126.94, 210.54 123.63 M222.02 125.66 C219.57 122.97, 216.49 121.04, 214.47 119.1 M222.02 125.66 C219.89 123.52, 217.28 121.67, 214.47 119.1 M225.96 121.13 C222.61 118.87, 220.09 115.86, 217.65 113.91 M225.96 121.13 C223.65 119.08, 221.11 116.7, 217.65 113.91 M229.14 115.95 C226.52 113.12, 223.67 110.8, 221.59 109.39 M229.14 115.95 C226.22 113.38, 223.51 111.07, 221.59 109.39 M233.07 111.42 C230.59 109.09, 228.1 107.78, 225.53 104.86 M233.07 111.42 C230.61 109.43, 228.37 107.1, 225.53 104.86 M237.76 107.55 C234.74 104.94, 232.34 102.89, 229.46 100.33 M237.76 107.55 C235.35 105.52, 232.63 102.98, 229.46 100.33 M242.46 103.67 C239.63 100.75, 236.27 98.02, 234.15 96.46 M242.46 103.67 C239.35 100.77, 235.96 98.15, 234.15 96.46 M247.15 99.8 C244.64 97.86, 243.4 96.04, 238.84 92.59 M247.15 99.8 C244.84 97.78, 242.87 96.05, 238.84 92.59 M251.84 95.93 C249.95 94.24, 247.69 92.14, 243.54 88.71 M251.84 95.93 C248.72 92.92, 245.51 90.25, 243.54 88.71 M257.28 92.71 C254.75 90.27, 251.27 88.14, 248.98 85.5 M257.28 92.71 C253.91 89.92, 250.6 86.71, 248.98 85.5 M262.73 89.5 C260.12 86.94, 257.16 84.95, 253.67 81.63 M262.73 89.5 C260.51 87.31, 257.87 85.54, 253.67 81.63 M268.17 86.28 C265.41 83.44, 262.43 81.15, 259.87 79.06 M268.17 86.28 C265.73 84.22, 263.54 82.31, 259.87 79.06 M268.34 78.47 C267.36 77.53, 266.43 76.86, 265.32 75.85 M268.34 78.47 C267.34 77.58, 266.39 76.74, 265.32 75.85" data-paint="stroke" data-role="hatch" part="sp-ink">
  <path d="M190.97,178.17A130,130,0,0,1,266.73,75.41L270.99,84.9A119.6,119.6,0,0,0,201.29,179.44Z" data-paint="stroke" data-role="encoding" part="sp-ink">
  <path d="M271.68 73.19 C271.68 73.19, 271.68 73.19, 271.68 73.19 M271.68 73.19 C271.68 73.19, 271.68 73.19, 271.68 73.19 M274.24 79.39 C277.04 75.66, 280.78 72.59, 282.12 70.34 M274.24 79.39 C277.25 75.92, 280.07 72.7, 282.12 70.34 M279.43 82.58 C283.36 78.91, 286.08 75.88, 293.2 66.73 M279.43 82.58 C284.34 76.69, 289.35 71.42, 293.2 66.73 M290.52 78.96 C293.36 75.59, 295.92 73.54, 301.67 66.13 M290.52 78.96 C293.95 74.88, 298.18 69.99, 301.67 66.13 M300.29 76.86 C301.96 74.65, 304.35 71.57, 310.79 64.79 M300.29 76.86 C303.35 73.23, 306.06 70.15, 310.79 64.79 M308.76 76.27 C310.46 74.88, 311.67 72.97, 315.32 68.72 M308.76 76.27 C310.81 73.92, 312.37 71.8, 315.32 68.72" data-paint="stroke" data-role="hatch" part="sp-ink">
  <path d="M271.52,73.38A130,130,0,0,1,314.8,64.1L315.22,74.5A119.6,119.6,0,0,0,275.4,83.03Z" data-paint="stroke" data-role="encoding" part="sp-ink">
  <path d="M340.47 76.02 C340.47 76.02, 340.47 76.02, 340.47 76.02 M340.47 76.02 C340.47 76.02, 340.47 76.02, 340.47 76.02 M337.52 94.65 C342.89 89.21, 347.03 83.77, 351.3 78.81 M337.52 94.65 C340.92 91.38, 343.77 87.88, 351.3 78.81 M336.54 111.03 C342.77 103.08, 349.44 96.44, 361.47 82.35 M336.54 111.03 C342.2 104.31, 348.12 97.72, 361.47 82.35 M334.91 128.15 C349.09 112.75, 362.84 96.29, 370.99 86.64 M334.91 128.15 C345.08 115.87, 356.04 104.23, 370.99 86.64 M333.92 144.52 C349.91 125.38, 366.86 107.63, 380.5 90.94 M333.92 144.52 C345.54 130.61, 357.44 117.15, 380.5 90.94 M332.94 160.9 C350.63 141.71, 367.65 120.16, 388.71 96.75 M332.94 160.9 C354.9 136.37, 375.78 111.74, 388.71 96.75 M332.62 176.51 C353.27 153.88, 372.63 130.17, 396.91 102.55 M332.62 176.51 C351.83 154.79, 370.34 132.75, 396.91 102.55 M332.95 191.38 C361.24 158.82, 389.4 128.18, 404.46 109.11 M332.95 191.38 C360.51 160.07, 386.84 129.34, 404.46 109.11 M334.59 204.73 C360.71 172.99, 389.34 142.11, 410.69 117.18 M334.59 204.73 C364.12 170.59, 394.2 136.76, 410.69 117.18 M335.58 218.84 C349.54 202.99, 363.73 186.9, 376.25 172.04 M335.58 218.84 C346.61 205.53, 358.3 192.28, 376.25 172.04 M409.71 133.55 C412.09 131, 415.04 127.33, 417.58 124.5 M409.71 133.55 C412.71 130.14, 415.49 127.19, 417.58 124.5 M337.22 232.19 C347.79 220.19, 358 208.24, 371.33 192.94 M337.22 232.19 C348.78 218.76, 360.62 204.84, 371.33 192.94 M338.86 245.54 C345.77 236.2, 354.42 227.71, 374.29 204.79 M338.86 245.54 C349.49 233, 361.2 220.41, 374.29 204.79 M341.16 258.14 C352.02 245.17, 362.57 232.54, 379.87 213.61 M341.16 258.14 C354.69 242.37, 368.84 226.67, 379.87 213.61 M343.46 270.74 C360.53 251.74, 377.48 233.14, 385.45 222.44 M343.46 270.74 C357.44 253.97, 371.49 238.23, 385.45 222.44 M345.76 283.34 C358.34 270.25, 368.7 256.43, 392.99 229 M345.76 283.34 C361.55 264.3, 377.97 245.94, 392.99 229 M348.71 295.18 C362.24 280.75, 374.21 265.89, 400.54 235.56 M348.71 295.18 C360.58 281.68, 372.49 268.86, 400.54 235.56 M351.67 307.02 C368.14 286.99, 386.3 268.62, 408.74 241.36 M351.67 307.02 C366.75 288.82, 382.15 271.18, 408.74 241.36 M368.4 303.02 C383.87 284.86, 401.4 265, 416.95 247.17 M368.4 303.02 C385.39 284.09, 401.73 265, 416.95 247.17 M394.32 288.45 C402.34 279.35, 409.27 271.15, 419.9 259.01 M394.32 288.45 C403.57 278.12, 412.39 267.8, 419.9 259.01" data-paint="stroke" data-role="hatch" part="sp-ink">
  <path d="M340.36,76.15A119.6,119.6,0,0,1,418.62,126.34Q320,194,424.77,251.68A119.6,119.6,0,0,1,351.8,309.3Q320,194,340.36,76.15Z" data-paint="stroke" data-role="encoding" part="sp-ink">
  <path d="M209.22 240.17 C209.22 240.17, 209.22 240.17, 209.22 240.17 M209.22 240.17 C209.22 240.17, 209.22 240.17, 209.22 240.17 M214.8 249 C218.07 245.64, 221.56 241.68, 231.2 230.13 M214.8 249 C219.06 244.41, 223.27 238.74, 231.2 230.13 M219.72 258.58 C227.91 248.43, 236.05 240.79, 252.53 220.84 M219.72 258.58 C227.36 250.31, 234.54 241.49, 252.53 220.84 M225.96 266.65 C238.97 250.98, 251.1 237.27, 273.85 211.55 M225.96 266.65 C245.08 244.84, 263.75 223.46, 273.85 211.55 M232.19 274.72 C253.04 251.45, 273.7 226.17, 297.8 199.25 M232.19 274.72 C248.52 256.09, 264.12 238.09, 297.8 199.25 M239.08 282.03 C263.96 253.32, 287.34 226.43, 323.06 185.43 M239.08 282.03 C260 258.11, 280.87 234.08, 323.06 185.43 M246.63 288.59 C268.32 262.79, 290.62 236.92, 349.63 170.11 M246.63 288.59 C268.95 262.39, 291.7 236.37, 349.63 170.11 M311.91 228.74 C328.36 209.93, 345.66 190.4, 377.52 153.27 M311.91 228.74 C337.7 199.78, 363.21 170.54, 377.52 153.27 M339.14 212.66 C355.01 195.38, 370.93 176.17, 408.03 133.42 M339.14 212.66 C361.74 187.46, 383.63 161.72, 408.03 133.42 M360.47 203.37 C381.02 178.55, 402.9 155.08, 422.13 132.43 M360.47 203.37 C373.58 188.1, 387 172.84, 422.13 132.43 M379.17 197.1 C397.99 176.44, 415.89 156.51, 427.71 141.25 M379.17 197.1 C389.06 185.97, 399.09 173.9, 427.71 141.25 M395.9 193.1 C409.76 177.13, 423.26 160.82, 431.98 151.59 M395.9 193.1 C405.57 181.96, 414.53 171.27, 431.98 151.59 M411.97 189.85 C419.03 181.59, 427.11 172.49, 435.59 162.68 M411.97 189.85 C419.96 181.04, 427.47 172.97, 435.59 162.68 M426.74 188.1 C430.27 185.59, 432.73 180.93, 437.89 175.27 M426.74 188.1 C430.27 183.77, 434.04 179.63, 437.89 175.27" data-paint="stroke" data-role="hatch" part="sp-ink">
  <path d="M418.62,126.34A119.6,119.6,0,0,1,439.32,185.75Q320,194,248.06,289.55A119.6,119.6,0,0,1,209.53,239.82Q320,194,418.62,126.34Z" data-paint="stroke" data-role="encoding" part="sp-ink">
  <path d="M200.98 183.98 C200.98 183.98, 200.98 183.98, 200.98 183.98 M200.98 183.98 C200.98 183.98, 200.98 183.98, 200.98 183.98 M200.92 193.2 C202.36 191.49, 204.75 189.15, 208.13 184.9 M200.92 193.2 C203.35 190.43, 205.53 188.13, 208.13 184.9 M200.85 202.42 C203.22 199.13, 206.66 195.77, 215.28 185.82 M200.85 202.42 C203.53 199.25, 207.06 194.88, 215.28 185.82 M202.1 210.13 C209.38 200.99, 217.36 193.2, 223.09 185.98 M202.1 210.13 C208.33 202.95, 214.6 196, 223.09 185.98 M203.35 217.84 C211.14 209.47, 219.4 199.07, 230.25 186.9 M203.35 217.84 C210.13 210.87, 216.35 203.48, 230.25 186.9 M209.84 219.51 C218.14 210.84, 225.59 202.74, 237.4 187.82 M209.84 219.51 C218.27 209.96, 226.73 199.73, 237.4 187.82 M219.62 217.41 C226.95 207.73, 235.5 198.91, 244.55 188.73 M219.62 217.41 C228.1 207.45, 237.17 197.14, 244.55 188.73 M228.74 216.07 C236.53 207.45, 244.46 197.3, 252.36 188.9 M228.74 216.07 C238.32 205.01, 247.77 194.65, 252.36 188.9 M237.21 215.47 C243.74 207.74, 249.66 200.67, 259.51 189.81 M237.21 215.47 C243.1 209.34, 248.7 202.06, 259.51 189.81 M246.33 214.13 C252.67 206.19, 259.25 197.91, 266.66 190.73 M246.33 214.13 C253.75 206.14, 260.17 197.87, 266.66 190.73 M254.79 213.54 C259.01 209.79, 262.29 204.21, 273.82 191.65 M254.79 213.54 C259.98 208.15, 263.98 202.82, 273.82 191.65 M263.91 212.19 C268.06 207.4, 273.6 201.74, 280.97 192.57 M263.91 212.19 C270.06 204.25, 277.16 196.79, 280.97 192.57 M271.72 212.35 C275.28 207.75, 278.98 204.23, 288.12 193.48 M271.72 212.35 C277.33 205.78, 281.96 199.81, 288.12 193.48 M279.53 212.52 C283 208.98, 286.02 205.31, 295.27 194.4 M279.53 212.52 C284.08 207.55, 288.64 202.21, 295.27 194.4 M287.34 212.68 C291.6 208.19, 295.66 202.34, 302.43 195.32 M287.34 212.68 C290.78 208.68, 295.02 203.72, 302.43 195.32 M294.49 213.6 C298.84 209.86, 302.84 205.13, 309.58 196.24 M294.49 213.6 C297.86 209.08, 301.94 204.63, 309.58 196.24 M302.3 213.76 C307.99 208.4, 313.46 201.09, 316.73 197.15 M302.3 213.76 C306.51 208.54, 310.4 204.22, 316.73 197.15 M309.45 214.68 C312.99 209.6, 317.16 206.02, 323.23 198.83 M309.45 214.68 C312.14 211.26, 315.36 207.84, 323.23 198.83 M317.26 214.84 C319.15 211.16, 321.99 207.95, 330.38 199.74 M317.26 214.84 C320.83 210.71, 325.24 205.83, 330.38 199.74 M323.76 216.51 C327.65 210.8, 332.74 206.28, 337.53 200.66 M323.76 216.51 C328.78 210.39, 334.61 204.33, 337.53 200.66 M330.91 217.43 C334.38 212.64, 337.93 209.51, 344.69 201.58 M330.91 217.43 C336.73 210.94, 341.77 205.13, 344.69 201.58 M337.4 219.1 C340.76 214.67, 345.54 209.88, 351.84 202.5 M337.4 219.1 C341.3 214.93, 344.91 210.58, 351.84 202.5 M344.56 220.02 C349.09 215.65, 353.51 209.64, 358.33 204.17 M344.56 220.02 C348.97 214.38, 354.22 208.99, 358.33 204.17 M350.4 222.44 C355.19 217.99, 359.27 213.52, 365.49 205.09 M350.4 222.44 C353.88 218.94, 357.46 214.33, 365.49 205.09 M356.89 224.12 C362.03 217.23, 368.18 210.58, 372.64 206 M356.89 224.12 C361.96 217.67, 366.96 212.22, 372.64 206 M363.39 225.79 C369.17 220.17, 374.4 213.14, 379.79 206.92 M363.39 225.79 C369.41 219.24, 375.11 212.62, 379.79 206.92 M369.23 228.22 C374.83 221.19, 381.5 213.99, 386.29 208.59 M369.23 228.22 C375.57 220, 382.76 212.59, 386.29 208.59 M375.73 229.89 C382.47 223.34, 386.98 215.69, 393.44 209.51 M375.73 229.89 C379.68 225.74, 383.85 221.05, 393.44 209.51 M381.57 232.32 C387.26 226.02, 393.67 218.62, 399.94 211.18 M381.57 232.32 C385.19 228.16, 389.34 223.13, 399.94 211.18 M387.41 234.74 C392.37 229.11, 398.67 222.86, 407.09 212.1 M387.41 234.74 C392.99 228.54, 397.7 222.35, 407.09 212.1 M393.9 236.41 C400.62 228.85, 406.84 221.32, 414.24 213.02 M393.9 236.41 C399.77 229.53, 405.73 223.06, 414.24 213.02 M399.74 238.84 C406.48 231.3, 411.53 225.47, 420.74 214.69 M399.74 238.84 C404.65 232.72, 409.8 226.88, 420.74 214.69 M404.93 242.02 C411.8 233.15, 420.82 225.2, 427.89 215.61 M404.93 242.02 C413.55 232.01, 422.26 221.59, 427.89 215.61 M410.77 244.45 C415.75 238.45, 421.4 233.76, 434.39 217.28 M410.77 244.45 C420.15 234.06, 429.71 223.25, 434.39 217.28 M415.95 247.63 C421.08 242.18, 425.45 236.52, 435.64 224.99 M415.95 247.63 C420.7 241.65, 426.36 235.84, 435.64 224.99 M421.79 250.06 C424.17 247.45, 427.23 243.4, 431.63 238.74 M421.79 250.06 C423.65 247.41, 425.81 244.94, 431.63 238.74" data-paint="stroke" data-role="hatch" part="sp-ink">
  <path d="M203.34,220.34A119.6,119.6,0,0,1,200.8,184.19Q320,194,437.24,217.66A119.6,119.6,0,0,1,424.77,251.68Q320,194,203.34,220.34Z" data-paint="stroke" data-role="encoding" part="sp-ink">
  <path d="M232.74 112.21 C232.74 112.21, 232.74 112.21, 232.74 112.21 M232.74 112.21 C232.74 112.21, 232.74 112.21, 232.74 112.21 M209.91 150.67 C222.34 138.14, 232.49 123.83, 251.24 103.12 M209.91 150.67 C224.5 133.62, 239.16 116.55, 251.24 103.12 M208.07 164.97 C226.86 143.01, 246.24 121.98, 255.96 109.88 M208.07 164.97 C217.73 153.45, 227.65 142.74, 255.96 109.88 M216.08 167.96 C225.97 155.97, 236.17 144.69, 260.03 117.39 M216.08 167.96 C224.57 157.95, 233.67 147.91, 260.03 117.39 M224.08 170.94 C234.85 158.87, 244.93 146.72, 264.76 124.15 M224.08 170.94 C233.03 159.98, 242.5 149.58, 264.76 124.15 M232.09 173.93 C240.7 163.7, 251.14 152.62, 269.49 130.91 M232.09 173.93 C245.81 157.87, 260.35 142.13, 269.49 130.91 M239.44 177.67 C246.97 167.69, 255.97 159.56, 274.21 137.67 M239.44 177.67 C248.97 166.66, 258.41 155.79, 274.21 137.67 M246.79 181.41 C253.78 173.9, 260.29 165.8, 278.94 144.42 M246.79 181.41 C253.52 173.95, 260.16 166.35, 278.94 144.42 M254.14 185.14 C264.36 173.73, 275.15 160.15, 283.66 151.18 M254.14 185.14 C265.74 171.75, 277.3 159.12, 283.66 151.18 M260.18 190.39 C268.71 180.56, 278.31 170.29, 287.73 158.7 M260.18 190.39 C267.72 181.77, 275.67 172.74, 287.73 158.7 M266.21 195.64 C272.17 188.38, 278.95 181.95, 291.8 166.21 M266.21 195.64 C273.85 186.87, 281.68 178.12, 291.8 166.21 M271.6 201.64 C279.43 192.47, 288.65 181.99, 295.87 173.72 M271.6 201.64 C279.05 193.39, 286.31 184.76, 295.87 173.72 M275.67 209.16 C283.65 200.76, 291.01 191.75, 299.94 181.23 M275.67 209.16 C283.81 200.07, 291.38 190.53, 299.94 181.23 M280.39 215.92 C288.9 205.28, 299.44 195.18, 304.01 188.75 M280.39 215.92 C286.34 208.9, 292.14 202.69, 304.01 188.75 M283.15 224.94 C291.34 214.15, 300.15 205.51, 308.08 196.26 M283.15 224.94 C290.33 216.37, 298.28 207.29, 308.08 196.26 M286.56 233.2 C293.35 225.63, 299 218.72, 312.15 203.77 M286.56 233.2 C296.86 221.74, 306.57 209.65, 312.15 203.77 M286.7 245.25 C296.61 233.25, 306.97 222.19, 315.56 212.04 M286.7 245.25 C292.64 237.91, 298.85 231.08, 315.56 212.04 M286.17 258.04 C296.38 246.21, 306.74 235.9, 319.63 219.55 M286.17 258.04 C295.75 247.04, 305.86 235.35, 319.63 219.55 M283.68 273.1 C292.51 261.96, 302.52 250.51, 323.04 227.82 M283.68 273.1 C298.23 257.18, 311.69 240.5, 323.04 227.82 M278.57 291.18 C288.8 279.19, 299.67 267.78, 326.46 236.09 M278.57 291.18 C288.54 279.6, 298.1 269.06, 326.46 236.09 M276.73 305.48 C288.7 291.44, 300.11 278.18, 329.87 244.35 M276.73 305.48 C287.82 292.29, 298.76 279.51, 329.87 244.35 M284.74 308.47 C297.21 293.68, 308.78 279.1, 333.29 252.62 M284.74 308.47 C296.05 295.29, 307.26 281.97, 333.29 252.62 M293.4 310.7 C310.02 291.92, 327.62 271.29, 336.7 260.89 M293.4 310.7 C308.35 294, 323.11 277.05, 336.7 260.89 M302.72 312.17 C315.61 297.32, 329.12 281.28, 339.46 269.91 M302.72 312.17 C312.42 301.26, 321.1 290.86, 339.46 269.91 M312.03 313.65 C320.96 303.51, 330.21 292.47, 342.21 278.93 M312.03 313.65 C320.88 303.09, 331.03 292.46, 342.21 278.93 M322.66 313.61 C329.26 306.2, 335.24 299.4, 344.97 287.95 M322.66 313.61 C329.9 305.31, 337.37 296.89, 344.97 287.95 M333.95 312.82 C337.82 309.48, 340.87 305.07, 347.73 296.98 M333.95 312.82 C338.87 307.12, 344.37 301.15, 347.73 296.98 M346.55 310.53 C348.46 308.22, 350.28 306.63, 351.14 305.24 M346.55 310.53 C347.99 308.7, 349.38 307.04, 351.14 305.24" data-paint="stroke" data-role="hatch" part="sp-ink">
  <path d="M351.8,309.3A119.6,119.6,0,0,1,273.84,304.33Q320,194,204.27,163.81A119.6,119.6,0,0,1,247.59,98.81Q320,194,351.8,309.3Z" data-paint="stroke" data-role="encoding" part="sp-ink">
  <path d="M247.68 98.7 C247.68 98.7, 247.68 98.7, 247.68 98.7 M247.68 98.7 C247.68 98.7, 247.68 98.7, 247.68 98.7 M251.55 103.4 C255.86 99.52, 259.52 93.49, 264.02 89.06 M251.55 103.4 C254.37 100.49, 256.84 97.74, 264.02 89.06 M255.43 108.09 C262.68 99.7, 268 93.45, 273.14 87.71 M255.43 108.09 C262.58 99.92, 269.47 91.9, 273.14 87.71 M259.3 112.78 C264.28 106.43, 269.14 100.36, 275.7 93.91 M259.3 112.78 C264.5 107.17, 269.06 101.48, 275.7 93.91 M263.17 117.47 C266.98 113.21, 270.71 108.98, 278.92 99.36 M263.17 117.47 C266.63 113.66, 270.57 109.45, 278.92 99.36 M267.04 122.16 C270.06 119.22, 273.83 114.2, 281.48 105.56 M267.04 122.16 C270.86 118.61, 273.8 114.72, 281.48 105.56 M271.57 126.1 C275.67 120.05, 279.69 115, 284.69 111 M271.57 126.1 C274.36 123.17, 277.27 119.79, 284.69 111 M275.44 130.79 C278.44 126.23, 281.91 122.03, 288.56 115.69 M275.44 130.79 C278.3 127.99, 281.17 124.23, 288.56 115.69 M279.97 134.72 C283.49 131.72, 285.39 129.06, 291.78 121.14 M279.97 134.72 C283.79 130.38, 287.1 125.98, 291.78 121.14 M283.84 139.42 C286.99 134.45, 291.97 130.74, 295.65 125.83 M283.84 139.42 C286.64 136.88, 288.64 133.72, 295.65 125.83 M288.37 143.35 C290.73 139.25, 293.61 136.48, 298.87 131.28 M288.37 143.35 C291.6 138.97, 295.46 135.4, 298.87 131.28 M292.9 147.29 C295.77 144.02, 296.99 142.08, 302.74 135.97 M292.9 147.29 C295.4 144.73, 297.67 141.94, 302.74 135.97 M297.43 151.22 C300.05 148.52, 301.55 146.79, 307.27 139.9 M297.43 151.22 C300.77 147.33, 303.89 143.66, 307.27 139.9 M301.96 155.16 C305.36 151.12, 308.25 147.88, 311.14 144.59 M301.96 155.16 C304.07 153.04, 305.87 150.43, 311.14 144.59 M306.48 159.1 C308.93 156.6, 309.96 154.39, 315.67 148.53 M306.48 159.1 C309.47 155.33, 312.92 151.5, 315.67 148.53 M311.67 162.28 C313.97 160.27, 316.2 157.43, 320.2 152.47 M311.67 162.28 C314.44 158.74, 317.71 155.53, 320.2 152.47 M316.2 166.21 C318.67 163.1, 321.83 160.05, 324.73 156.4 M316.2 166.21 C319.22 162.98, 322.28 159.19, 324.73 156.4 M321.38 169.4 C323.62 166.27, 326.67 164.06, 329.91 159.59 M321.38 169.4 C324.34 165.55, 327.74 161.94, 329.91 159.59 M326.57 172.58 C328.24 170.09, 330.9 167.08, 334.44 163.52 M326.57 172.58 C328.48 170.64, 330.21 168.35, 334.44 163.52 M331.09 176.51 C334.18 173.8, 337.19 169.72, 339.62 166.7 M331.09 176.51 C332.97 174.44, 335.01 172.37, 339.62 166.7 M336.93 178.94 C339.34 175.36, 343.07 172.66, 344.81 169.88 M336.93 178.94 C338.78 176.63, 340.53 174.93, 344.81 169.88 M342.12 182.12 C343.46 180.12, 346.16 177.59, 350.65 172.31 M342.12 182.12 C343.64 180.11, 345.8 177.89, 350.65 172.31 M347.3 185.3 C349.19 183.05, 352.28 179.6, 355.83 175.49 M347.3 185.3 C350 181.98, 353.13 178.68, 355.83 175.49 M352.49 188.49 C354.95 185.24, 357.37 182.85, 361.67 177.92 M352.49 188.49 C354.88 185.5, 357.8 182.72, 361.67 177.92 M358.33 190.91 C360.63 187.88, 362.75 185.86, 367.51 180.35 M358.33 190.91 C361.08 187.89, 363.74 184.63, 367.51 180.35 M363.51 194.09 C366.33 191.86, 368.49 188.87, 374.01 182.02 M363.51 194.09 C367.03 190.63, 369.74 186.29, 374.01 182.02 M369.35 196.52 C372.69 193.34, 375.23 188.58, 379.85 184.45 M369.35 196.52 C373.08 192.19, 376.28 188.29, 379.85 184.45 M375.19 198.95 C377.72 195.88, 380.32 192.67, 386.35 186.12 M375.19 198.95 C377.37 196.03, 379.98 193.54, 386.35 186.12 M381.03 201.38 C385.42 197.49, 388.7 191.66, 393.5 187.04 M381.03 201.38 C384.07 197.87, 387.78 193.89, 393.5 187.04 M386.87 203.8 C392.24 197.42, 398.07 191.5, 400.65 187.95 M386.87 203.8 C390.06 200.29, 393.91 195.99, 400.65 187.95 M393.37 205.47 C397.79 199.98, 402.92 195.87, 407.8 188.87 M393.37 205.47 C396.88 201.51, 400.07 197.62, 407.8 188.87 M399.21 207.9 C403.42 202.97, 407.67 199.3, 414.96 189.79 M399.21 207.9 C404.33 202.01, 409.03 195.93, 414.96 189.79 M405.71 209.57 C409.2 204.11, 413.11 200.42, 422.76 189.95 M405.71 209.57 C410.89 203.76, 415.62 198.11, 422.76 189.95 M412.2 211.25 C418 203.98, 425 197.96, 430.57 190.11 M412.2 211.25 C416.7 206.19, 421.51 200.55, 430.57 190.11 M418.7 212.92 C425.32 205.19, 431.57 197.74, 438.38 190.28 M418.7 212.92 C424.87 206, 431.12 198.85, 438.38 190.28 M425.2 214.59 C430.39 208.44, 435.06 203.12, 440.29 197.23 M425.2 214.59 C430.63 208.8, 435.15 202.93, 440.29 197.23 M431.69 216.26 C433.78 213.18, 436.84 210.37, 438.91 207.96 M431.69 216.26 C433.05 214.28, 434.49 212.59, 438.91 207.96 M286.28 141.66 C286.28 141.66, 286.28 141.66, 286.28 141.66 M286.28 141.66 C286.28 141.66, 286.28 141.66, 286.28 141.66 M340.03 180.43 C319.18 162.84, 299.77 144.77, 255.5 106.96 M340.03 180.43 C314.91 159.1, 290.29 137.66, 255.5 106.96 M362.08 191.65 C332.9 167.35, 303.42 142.16, 251.89 95.87 M362.08 191.65 C340.09 171.82, 317.66 152.8, 251.89 95.87 M381.87 200.9 C368.8 188.91, 355.74 178.67, 345.64 169.41 M381.87 200.9 C367.96 189.31, 353.89 176.73, 345.64 169.41 M295.07 125.45 C280.62 112.11, 266.72 100.84, 257.34 92.65 M295.07 125.45 C285.93 117.65, 277.07 109.46, 257.34 92.65 M397.12 206.21 C387.65 199.62, 379.76 191.67, 365.42 178.66 M397.12 206.21 C388.31 198.26, 379.78 190.95, 365.42 178.66 M283.16 107.15 C277.58 101.35, 271.17 96.86, 262.03 88.78 M283.16 107.15 C276.45 101.56, 269.86 95.63, 262.03 88.78 M411.62 210.87 C404.17 204.31, 395.8 197.07, 379.93 183.31 M411.62 210.87 C403.63 203.49, 395.52 196.99, 379.93 183.31 M275.78 92.78 C274.17 91.49, 272.16 89.58, 268.23 86.22 M275.78 92.78 C273.03 90.21, 270.06 87.9, 268.23 86.22 M423.86 213.56 C417.26 207.99, 408.76 200.09, 392.17 186 M423.86 213.56 C416.92 208.17, 410.51 201.7, 392.17 186 M437.61 217.56 C430.66 210.34, 421.21 204.23, 403.65 188.04 M437.61 217.56 C428.75 209.92, 420.75 202.67, 403.65 188.04 M438.53 210.41 C431.06 204.17, 424.5 198.79, 414.38 189.41 M438.53 210.41 C431.57 204.1, 424.33 198.26, 414.38 189.41 M439.45 203.25 C435.47 201.16, 432.42 198.22, 423.6 189.48 M439.45 203.25 C435.15 199.72, 430.49 195.36, 423.6 189.48 M439.61 195.44 C437.95 193.67, 435.96 192.07, 433.57 190.2 M439.61 195.44 C438.04 194.01, 436.18 192.73, 433.57 190.2" data-paint="stroke" data-role="hatch" part="sp-ink">
  <path d="M247.59,98.81A119.6,119.6,0,0,1,270.99,84.9Q320,194,439.55,190.53A119.6,119.6,0,0,1,437.24,217.66Q320,194,247.59,98.81Z" data-paint="stroke" data-role="encoding" part="sp-ink">
  <path d="M320.14 74.24 C320.14 74.24, 320.14 74.24, 320.14 74.24 M320.14 74.24 C320.14 74.24, 320.14 74.24, 320.14 74.24 M319.42 84.21 C322.15 81.5, 325.39 78.14, 327.29 75.16 M319.42 84.21 C321.28 82.09, 323.22 79.56, 327.29 75.16 M205.2 224.75 C206.85 222.84, 208.94 220.76, 210.45 218.72 M205.2 224.75 C207.05 222.45, 209.29 220.29, 210.45 218.72 M318.7 94.19 C324.96 86.48, 330.7 80.27, 335.1 75.32 M318.7 94.19 C321.98 90.51, 325.17 86.55, 335.1 75.32 M207.1 231.71 C210.27 228.04, 213.99 224.44, 221.54 215.1 M207.1 231.71 C210.34 227.79, 213.27 224.44, 221.54 215.1 M318.63 103.41 C323.12 97.74, 327.4 92.32, 340.28 78.5 M318.63 103.41 C325.23 96.01, 331.01 88.38, 340.28 78.5 M209.01 238.66 C214.4 232.87, 219.96 225.47, 231.31 213 M209.01 238.66 C216.66 230.37, 223.74 222.04, 231.31 213 M315.95 115.65 C323.48 106.23, 330.72 98.1, 337.6 90.74 M315.95 115.65 C320.73 110.06, 325.56 104.46, 337.6 90.74 M219.44 235.81 C227.33 226.67, 234.59 218.68, 244.37 207.13 M219.44 235.81 C225.69 228.86, 231.66 221.95, 244.37 207.13 M312.6 128.64 C318.64 120.8, 325.75 112.45, 334.25 103.73 M312.6 128.64 C319.83 120.69, 327.6 111.81, 334.25 103.73 M233.15 229.18 C242.67 218.89, 250.98 207.53, 261.36 196.73 M233.15 229.18 C244.13 216.89, 254.62 203.94, 261.36 196.73 M305.98 145.41 C313.97 136.14, 321.54 128.2, 329.59 118.24 M305.98 145.41 C313.95 135.66, 322.41 126.65, 329.59 118.24 M250.8 218.02 C275.03 191.79, 297.04 163.41, 322.97 135 M250.8 218.02 C275.63 188.81, 300.57 160.74, 322.97 135 M273.7 200.82 C284.15 187.15, 296.5 175.28, 307.16 162.33 M273.7 200.82 C286.69 186.18, 298.92 171.89, 307.16 162.33" data-paint="stroke" data-role="hatch" part="sp-ink">
  <path d="M209.53,239.82A119.6,119.6,0,0,1,203.34,220.34Q320,194,320,74.4A119.6,119.6,0,0,1,340.36,76.15Q320,194,209.53,239.82Z" data-paint="stroke" data-role="encoding" part="sp-ink">
  <path d="M204.02 164.1 C204.02 164.1, 204.02 164.1, 204.02 164.1 M204.02 164.1 C204.02 164.1, 204.02 164.1, 204.02 164.1 M201.99 175.58 C205.24 172.05, 208.84 167.4, 211.17 165.02 M201.99 175.58 C204.88 172.72, 207.58 169.47, 211.17 165.02 M205.86 180.27 C209.98 175.81, 212.9 171.91, 217.67 166.69 M205.86 180.27 C210.17 175.38, 214.87 170.23, 217.67 166.69 M213.67 180.44 C216.47 176.78, 220.12 173.89, 224.82 167.61 M213.67 180.44 C217.5 176.75, 220.96 172.66, 224.82 167.61 M300.27 80.82 C301.86 78.94, 303.24 77.12, 304.2 76.29 M300.27 80.82 C301.18 79.87, 301.76 78.85, 304.2 76.29 M220.82 181.35 C225.21 176.62, 228.58 172.48, 231.32 169.28 M220.82 181.35 C224.55 177.36, 228.39 172.63, 231.32 169.28 M301.51 88.53 C305.65 83.99, 310.28 78.87, 313.32 74.94 M301.51 88.53 C304.15 85.18, 307.29 81.4, 313.32 74.94 M229.28 180.76 C231.97 178.75, 233.85 175.7, 239.12 169.44 M229.28 180.76 C231.42 178.36, 233.71 175.32, 239.12 169.44 M302.11 96.99 C307.06 91.67, 312.72 84.63, 315.88 81.14 M302.11 96.99 C307.24 91.38, 312.49 85.01, 315.88 81.14 M237.75 180.17 C241.16 177.32, 243.47 174.13, 246.93 169.61 M237.75 180.17 C240.47 177.07, 242.67 174.47, 246.93 169.61 M302.7 105.45 C307.08 99.63, 311.98 95.31, 315.16 91.12 M302.7 105.45 C305.29 102.24, 308.72 98.38, 315.16 91.12 M246.87 178.82 C248.4 176.98, 249.72 175.57, 254.09 170.52 M246.87 178.82 C248.88 176.78, 250.59 174.18, 254.09 170.52 M301.98 115.43 C304.32 111.99, 307.13 108.3, 315.1 100.33 M301.98 115.43 C306.26 110.4, 311.02 104.46, 315.1 100.33 M255.33 178.23 C258.07 175.72, 260.15 172.44, 263.86 168.42 M255.33 178.23 C258.49 175.06, 261.06 171.74, 263.86 168.42 M301.91 124.65 C305.43 120.85, 308.74 117.31, 313.07 111.82 M301.91 124.65 C305.26 121.05, 308.22 118.04, 313.07 111.82 M266.42 174.62 C268.58 172.71, 270.75 169.74, 274.95 164.81 M266.42 174.62 C268.38 172.08, 270.89 169.57, 274.95 164.81 M297.91 138.4 C300.13 135.56, 304.65 131.32, 310.38 124.06 M297.91 138.4 C300.61 135.5, 302.85 132.68, 310.38 124.06 M282.76 164.97 C288.72 157.41, 294.84 151.06, 304.41 140.07 M282.76 164.97 C289.35 157.22, 295.91 149.3, 304.41 140.07" data-paint="stroke" data-role="hatch" part="sp-ink">
  <path d="M299.4,76.19A119.6,119.6,0,0,1,315.22,74.5Q320,194,201.29,179.44A119.6,119.6,0,0,1,204.27,163.81Q320,194,299.4,76.19Z" data-paint="stroke" data-role="encoding" part="sp-ink">
  <path d="M275.39 83.04 C275.39 83.04, 275.39 83.04, 275.39 83.04 M275.39 83.04 C275.39 83.04, 275.39 83.04, 275.39 83.04 M278.15 92.06 C281.41 88.43, 283.33 85.99, 289.3 79.23 M278.15 92.06 C281.77 87.41, 285.6 83.1, 289.3 79.23 M281.56 100.33 C286.28 93.38, 292.73 88.12, 299.93 79.2 M281.56 100.33 C288.5 93.06, 294.3 84.84, 299.93 79.2 M284.32 109.35 C289.98 102.45, 296.23 95.86, 301.38 89.73 M284.32 109.35 C288.09 104.71, 291.96 101.17, 301.38 89.73 M287.08 118.37 C293.04 111.23, 298.91 106.11, 302.82 100.26 M287.08 118.37 C293.05 111.54, 299.76 104.4, 302.82 100.26 M289.18 128.15 C295.17 122.5, 298.92 116.26, 303.61 111.55 M289.18 128.15 C292.17 124.52, 295.26 121.01, 303.61 111.55 M291.28 137.93 C294.85 134, 297.44 130.4, 304.4 122.83 M291.28 137.93 C296.04 132.31, 301.57 126.63, 304.4 122.83 M292.07 149.21 C295.46 145.06, 298.79 140.45, 305.19 134.12 M292.07 149.21 C294.95 145.28, 298.09 142.43, 305.19 134.12 M292.86 160.5 C295.39 156.79, 298.04 153.85, 305.98 145.41 M292.86 160.5 C296.79 155.53, 301.14 150.82, 305.98 145.41 M292.99 172.54 C297.7 167.36, 301.67 163.47, 306.11 157.45 M292.99 172.54 C298.14 166.29, 303.05 160.51, 306.11 157.45 M292.47 185.34 C297.01 179.6, 302.05 172.71, 305.59 170.24 M292.47 185.34 C296.3 181.01, 299.72 176.98, 305.59 170.24 M291.29 198.89 C294.78 194.48, 297.97 190.43, 304.41 183.79 M291.29 198.89 C295.96 193.1, 301.79 187.24, 304.41 183.79 M288.14 214.7 C292.51 208.44, 298.37 203.85, 302.57 198.1 M288.14 214.7 C293.8 208.83, 298.43 202.72, 302.57 198.1 M281.71 234.29 C286.33 228.54, 292.52 222.25, 300.74 212.4 M281.71 234.29 C287.12 227.42, 293.15 220.63, 300.74 212.4 M273.32 256.14 C282 246.34, 291.28 235.06, 298.25 227.46 M273.32 256.14 C281.81 246.48, 289.77 237.02, 298.25 227.46 M252.46 292.33 C262.65 280.6, 272.02 268.79, 294.44 244.03 M252.46 292.33 C261.26 281.8, 269.67 272.44, 294.44 244.03 M259.15 296.83 C266.06 288.9, 272.41 282.38, 288.67 262.87 M259.15 296.83 C268.92 284.81, 279.66 273.4, 288.67 262.87 M266.5 300.57 C271.63 295.06, 276.38 290.68, 282.25 282.45 M266.5 300.57 C272.48 293.85, 278.47 286.24, 282.25 282.45 M273.85 304.31 C274.14 303.98, 274.39 303.68, 274.51 303.55 M273.85 304.31 C274.03 304.13, 274.17 303.95, 274.51 303.55" data-paint="stroke" data-role="hatch" part="sp-ink">
  <path d="M273.84,304.33A119.6,119.6,0,0,1,251.94,292.35Q320,194,275.4,83.03A119.6,119.6,0,0,1,299.4,76.19Q320,194,273.84,304.33Z" data-paint="stroke" data-role="encoding" part="sp-ink">
  <text data-kind="title" part="sp-text" text-anchor="start" x="16" y="27">
    "Site journeys"
  <text data-kind="badge" part="sp-axis" text-anchor="end" x="624" y="27">
    "June"
  <text data-kind="footer" part="sp-axis" text-anchor="start" x="16" y="370">
    "visitors between sections"
  <text data-kind="footer" part="sp-axis" text-anchor="end" x="624" y="370">
    "silverpoint"
  <text data-kind="tick" part="sp-axis" text-anchor="start" x="414.16" y="96.11">
    "Home"
  <text data-kind="tick" part="sp-axis" text-anchor="start" x="385.82" y="318.29">
    "Shop"
  <text data-kind="tick" part="sp-axis" text-anchor="end" x="194.09" y="253.48">
    "Blog"
  <text data-kind="tick" part="sp-axis" text-anchor="end" x="208.93" y="115.1">
    "Cart"
  <text data-kind="tick" part="sp-axis" text-anchor="end" x="291.09" y="62.06">
    "Help"