<svg aria-labelledby="pyramid-chart--silverpoint--ochre--ink--lg--per-shape-title pyramid-chart--silverpoint--ochre--ink--lg--per-shape-desc" class="sp-chart sp-ground-silverpoint" data-mode="ink" data-substrate="ochre" height="390" role="img" viewBox="0 0 640 390" width="640" xmlns="http://www.w3.org/2000/svg">
  <title id="pyramid-chart--silverpoint--ochre--ink--lg--per-shape-title">
    "Headcount by level"
  <desc id="pyramid-chart--silverpoint--ochre--ink--lg--per-shape-desc">
    "Headcount by level. Pyramid of 4 tiers, from Leads at the top to Staff at the base; width on a 0 to 100 scale."
  <path d="M0.5 0.5 C133.17 -0.17, 265.01 0.09, 639.5 0.5 M0.5 0.5 C183.44 0.41, 366.26 0.52, 639.5 0.5 M639.5 0.5 C639.31 143.29, 639.58 286.19, 639.5 389.5 M639.5 0.5 C639.22 87.46, 639.54 174.25, 639.5 389.5 M639.5 389.5 C454 388.73, 269 388.69, 0.5 389.5 M639.5 389.5 C404 389.99, 168.67 389.93, 0.5 389.5 M0.5 389.5 C1.03 266.72, 1.33 144.05, 0.5 0.5 M0.5 389.5 C0.17 244.36, 0.5 98.64, 0.5 0.5" data-paint="stroke" data-role="ornament" part="sp-rule">
  <path d="M16 352 C142.22 352.34, 267.93 352.02, 624 352 M16 352 C194.43 351.81, 373.16 351.55, 624 352" data-paint="stroke" data-role="ornament" part="sp-rule">
  <path d="M289.02 51.16 C289.02 51.16, 289.02 51.16, 289.02 51.16 M289.02 51.16 C289.02 51.16, 289.02 51.16, 289.02 51.16 M289.35 66.03 C293.1 62.57, 295.97 57.7, 302.47 50.93 M289.35 66.03 C292.09 62.33, 296.07 58.96, 302.47 50.93 M289.02 81.64 C297 73.66, 304.55 63.76, 315.92 50.7 M289.02 81.64 C298.32 71.43, 307.35 60.77, 315.92 50.7 M289.35 96.5 C299.6 84.61, 309.94 73.71, 328.72 51.22 M289.35 96.5 C298.84 85.71, 307.71 75.21, 328.72 51.22 M289.03 112.12 C304.38 94.61, 318.59 79.14, 342.17 50.99 M289.03 112.12 C305.22 93.27, 321.89 74.85, 342.17 50.99 M294.61 120.95 C308.12 106.12, 321.69 89.91, 355.62 50.76 M294.61 120.95 C313.2 99.67, 331.39 79.23, 355.62 50.76 M308.06 120.71 C320.67 105.66, 333.96 92.59, 368.42 51.28 M308.06 120.71 C330.51 95.27, 352.72 69.63, 368.42 51.28 M320.85 121.24 C334.98 104.1, 350.03 88.66, 375.31 58.6 M320.85 121.24 C335.07 104.85, 349.74 88.16, 375.31 58.6 M334.31 121.01 C347.95 106.9, 359.87 90.8, 374.98 74.21 M334.31 121.01 C348.27 104.75, 361.97 89.55, 374.98 74.21 M347.76 120.77 C355.59 111.15, 365.85 101.25, 375.31 89.08 M347.76 120.77 C357.55 109.77, 367.5 98.46, 375.31 89.08 M360.55 121.3 C362.95 117.82, 367.06 114.49, 374.99 104.69 M360.55 121.3 C364.72 116.9, 368.45 112.13, 374.99 104.69 M374 121.07 C374.41 120.68, 374.7 120.34, 375.32 119.56 M374 121.07 C374.42 120.63, 374.71 120.2, 375.32 119.56" data-paint="stroke" data-role="hatch" part="sp-ink">
  <path d="M289.16,51H374.84V121H289.16Z" data-paint="stroke" data-role="encoding" part="sp-ink">
  <path d="M231.78 123.3 C231.78 123.3, 231.78 123.3, 231.78 123.3 M231.78 123.3 C231.78 123.3, 231.78 123.3, 231.78 123.3 M231.91 135.34 C235.22 131.24, 240.02 125.89, 242.41 123.27 M231.91 135.34 C234.95 131.4, 238.42 127.82, 242.41 123.27 M232.04 147.39 C239.18 138.46, 246.84 129.3, 253.04 123.23 M232.04 147.39 C239.06 139.2, 246.05 131.2, 253.04 123.23 M232.18 159.43 C244.21 145.3, 256.49 131.66, 263.67 123.2 M232.18 159.43 C239.88 150.55, 247.66 141.37, 263.67 123.2 M232.31 171.47 C246.13 155.16, 258.62 139.85, 274.3 123.17 M232.31 171.47 C246.48 154.71, 261.87 137.64, 274.3 123.17 M231.79 184.26 C251.98 161.37, 271.05 138.69, 284.93 123.13 M231.79 184.26 C248.33 165.39, 265.74 146.13, 284.93 123.13 M234.54 193.28 C248.61 176.33, 264.86 160.04, 295.56 123.1 M234.54 193.28 C249.71 176.33, 264.37 159.16, 295.56 123.1 M245.17 193.25 C259.63 175.94, 275.3 159.29, 306.19 123.06 M245.17 193.25 C258.3 178.44, 270.51 163.52, 306.19 123.06 M255.8 193.22 C273.79 173.09, 292.62 152.03, 316.82 123.03 M255.8 193.22 C275.51 170.4, 295.63 147.26, 316.82 123.03 M266.43 193.18 C278.59 179.06, 291.75 163.63, 327.45 122.99 M266.43 193.18 C283.76 173.23, 302.01 152.71, 327.45 122.99 M277.06 193.15 C297.07 171.18, 316.5 147.15, 338.08 122.96 M277.06 193.15 C292.21 175.97, 306.93 159.01, 338.08 122.96 M287.69 193.11 C307.66 170.51, 327.62 146.53, 348.71 122.92 M287.69 193.11 C306.26 171.29, 325.44 149.5, 348.71 122.92 M298.32 193.08 C320.43 168.74, 342.56 143.59, 359.34 122.89 M298.32 193.08 C315.06 173.91, 331.73 154.96, 359.34 122.89 M308.95 193.04 C332.85 166.33, 357.83 137.84, 369.97 122.86 M308.95 193.04 C327.76 171.47, 346.28 149.35, 369.97 122.86 M319.58 193.01 C340.24 169.77, 360.18 146.62, 380.6 122.82 M319.58 193.01 C334.69 176.01, 349.21 158.7, 380.6 122.82 M330.21 192.97 C344.37 178.02, 357.81 160.79, 391.23 122.79 M330.21 192.97 C349.34 170.85, 368.68 148.3, 391.23 122.79 M340.84 192.94 C361.09 169.56, 381.5 145.58, 401.86 122.75 M340.84 192.94 C354.57 177.91, 367.07 162.44, 401.86 122.75 M351.47 192.91 C374.29 166.76, 398.35 138.89, 412.49 122.72 M351.47 192.91 C366.78 175.1, 382.26 157.63, 412.49 122.72 M362.1 192.87 C384.81 166.29, 408.47 141.19, 423.12 122.68 M362.1 192.87 C385.98 165.29, 410.45 137.59, 423.12 122.68 M372.73 192.84 C389.41 173.21, 405.75 156.11, 431.78 124.91 M372.73 192.84 C386 177.62, 398.99 162.45, 431.78 124.91 M383.36 192.8 C393.58 180.36, 405.3 167.86, 431.91 136.95 M383.36 192.8 C393.9 180.79, 403.97 169.58, 431.91 136.95 M393.99 192.77 C402.1 182.22, 410.83 173.45, 432.05 148.99 M393.99 192.77 C402.53 182.67, 411.25 172.23, 432.05 148.99 M404.62 192.73 C413.79 181.33, 423.09 171.07, 432.18 161.04 M404.62 192.73 C411.2 184.55, 418.23 176.99, 432.18 161.04 M415.25 192.7 C418.24 187.72, 421.75 184.78, 432.31 173.08 M415.25 192.7 C419.32 187.53, 423.85 182.51, 432.31 173.08 M425.23 193.42 C427.47 190.82, 430.17 187.67, 431.79 185.87 M425.23 193.42 C427.48 190.96, 429.65 188.63, 431.79 185.87" data-paint="stroke" data-role="hatch" part="sp-ink">
  <path d="M232.04,123H431.96V193H232.04Z" data-paint="stroke" data-role="encoding" part="sp-ink">
  <path d="M165.17 195.26 C165.17 195.26, 165.17 195.26, 165.17 195.26 M165.17 195.26 C165.17 195.26, 165.17 195.26, 165.17 195.26 M165.11 204.48 C167.46 202.01, 169.35 199.61, 173.64 194.67 M165.11 204.48 C166.57 202.38, 168.49 200.72, 173.64 194.67 M165.7 212.94 C170.08 209.17, 172.31 205.06, 181.45 194.83 M165.7 212.94 C170.72 207.35, 175.93 200.81, 181.45 194.83 M165.64 222.16 C172.85 213.41, 180.46 206.43, 189.26 194.99 M165.64 222.16 C171.42 215.18, 177.99 208.37, 189.26 194.99 M165.57 231.38 C177.14 218.93, 188.9 204.7, 197.06 195.16 M165.57 231.38 C178.21 217.71, 189.88 203.62, 197.06 195.16 M165.51 240.6 C179.32 226.56, 190.49 211.02, 204.87 195.32 M165.51 240.6 C178.62 225.53, 192.11 210.02, 204.87 195.32 M165.45 249.82 C178.96 235.03, 192.57 218.11, 213.34 194.73 M165.45 249.82 C180.75 232.44, 195.66 214.77, 213.34 194.73 M165.38 259.04 C177.62 244.91, 190.98 230.4, 221.15 194.89 M165.38 259.04 C185.49 236.5, 205.64 213.45, 221.15 194.89 M167.94 265.24 C183.82 246.52, 201.33 226.08, 228.95 195.05 M167.94 265.24 C187.31 243.26, 206.05 221.03, 228.95 195.05 M175.75 265.4 C193.88 242.81, 213.35 221.78, 236.76 195.22 M175.75 265.4 C190.09 248.84, 204 232.61, 236.76 195.22 M184.21 264.81 C197.63 248.19, 212.15 232.41, 245.23 194.62 M184.21 264.81 C197.29 250.6, 210.19 235.28, 245.23 194.62 M192.02 264.97 C205.67 249.97, 218.41 235.21, 253.04 194.79 M192.02 264.97 C212.86 241.03, 234.07 217.14, 253.04 194.79 M199.83 265.14 C220.49 242.84, 238.92 219.39, 260.85 194.95 M199.83 265.14 C222.55 238.36, 246.2 211.62, 260.85 194.95 M207.64 265.3 C221.34 249.91, 233.8 234.79, 268.65 195.11 M207.64 265.3 C224.68 246.66, 240.63 227.21, 268.65 195.11 M216.1 264.71 C234.23 242.53, 253.03 221.56, 276.46 195.27 M216.1 264.71 C230.39 248.48, 244 232.58, 276.46 195.27 M223.91 264.87 C243.2 242.41, 263.36 219.41, 284.93 194.68 M223.91 264.87 C241.07 244.59, 258.89 224.52, 284.93 194.68 M231.72 265.03 C246.27 248.51, 260.3 231.28, 292.74 194.85 M231.72 265.03 C251.79 242.23, 271.15 220.04, 292.74 194.85 M239.53 265.2 C264.4 236.98, 287.74 209.7, 300.54 195.01 M239.53 265.2 C254.35 248.12, 269.72 231.12, 300.54 195.01 M247.34 265.36 C266.96 243.44, 286.32 220.12, 308.35 195.17 M247.34 265.36 C262.03 248.69, 276.57 231.98, 308.35 195.17 M255.8 264.77 C268.55 251.01, 280.73 237.42, 316.16 195.33 M255.8 264.77 C274.21 244.05, 291.71 223.2, 316.16 195.33 M263.61 264.93 C280.91 244.76, 298.18 224.66, 324.63 194.74 M263.61 264.93 C282.38 243.48, 301.11 220.99, 324.63 194.74 M271.42 265.09 C295.24 238.99, 317.8 212.64, 332.43 194.9 M271.42 265.09 C294.36 238.4, 318.31 211.65, 332.43 194.9 M279.23 265.26 C292.57 249.66, 307.47 232.98, 340.24 195.07 M279.23 265.26 C297.72 243.54, 316.87 222.13, 340.24 195.07 M287.04 265.42 C303.21 246.91, 318.79 227.01, 348.05 195.23 M287.04 265.42 C306.2 243.08, 325.76 221.23, 348.05 195.23 M295.5 264.83 C315.83 241.16, 338.23 217.04, 356.52 194.64 M295.5 264.83 C316.19 241.38, 336.51 217.5, 356.52 194.64 M303.31 264.99 C320.57 245.1, 336.2 227.21, 364.32 194.8 M303.31 264.99 C323.02 242.51, 342.32 219.91, 364.32 194.8 M311.12 265.15 C334.76 236.9, 358.96 209.3, 372.13 194.96 M311.12 265.15 C332.08 241.13, 352.87 217.28, 372.13 194.96 M318.93 265.31 C338.69 243.62, 356.9 222.08, 379.94 195.13 M318.93 265.31 C336.78 243.95, 355.96 222.99, 379.94 195.13 M327.39 264.72 C343.11 248.55, 357.88 230.9, 387.75 195.29 M327.39 264.72 C340.09 250, 352.88 235.34, 387.75 195.29 M335.2 264.89 C356.88 239.08, 379.22 213.91, 396.21 194.7 M335.2 264.89 C355.82 240.8, 377.44 216.65, 396.21 194.7 M343.01 265.05 C363.91 241.33, 384.82 216.87, 404.02 194.86 M343.01 265.05 C359.71 246.08, 376.67 226.59, 404.02 194.86 M350.82 265.21 C369.12 243.49, 388.24 221.71, 411.83 195.02 M350.82 265.21 C365.69 248.91, 379.54 232.02, 411.83 195.02 M358.63 265.37 C371.75 250.29, 384 236.02, 419.64 195.19 M358.63 265.37 C381.54 238.66, 405.01 211.05, 419.64 195.19 M367.09 264.78 C385.38 243.68, 402.34 223.48, 427.45 195.35 M367.09 264.78 C387.91 241.12, 407.86 217.67, 427.45 195.35 M374.9 264.95 C396.08 239.8, 418.44 215.15, 435.91 194.76 M374.9 264.95 C389.82 247.62, 405.03 229.84, 435.91 194.76 M382.71 265.11 C406.8 238.25, 431.12 209.4, 443.72 194.92 M382.71 265.11 C402.75 242.26, 422.71 219.23, 443.72 194.92 M390.52 265.27 C403.27 250.25, 415.92 235.96, 451.53 195.08 M390.52 265.27 C409.13 243.8, 428.51 221.25, 451.53 195.08 M398.98 264.68 C417.02 242.59, 435.42 221.23, 459.34 195.25 M398.98 264.68 C413.28 248.83, 427.86 231.79, 459.34 195.25 M406.79 264.84 C427.7 241.42, 447.69 218.5, 467.8 194.65 M406.79 264.84 C422.64 247.24, 437.8 228.68, 467.8 194.65 M414.6 265 C431.48 245.04, 448.96 223.9, 475.61 194.82 M414.6 265 C427.71 249.77, 440.28 235.56, 475.61 194.82 M422.41 265.17 C435.8 251.48, 448.66 236.29, 483.42 194.98 M422.41 265.17 C440.61 244.76, 458.15 224.24, 483.42 194.98 M430.22 265.33 C443.51 250.6, 455.62 235.6, 491.23 195.14 M430.22 265.33 C453.41 238.96, 476.32 212.16, 491.23 195.14 M438.68 264.74 C457.19 243.73, 474.63 223.03, 499.04 195.3 M438.68 264.74 C456.61 244.8, 473.45 225.18, 499.04 195.3 M446.49 264.9 C461.1 246.88, 475.99 230.51, 498.97 204.52 M446.49 264.9 C465.07 243.54, 482.73 222.91, 498.97 204.52 M454.3 265.06 C470.77 246.45, 487.01 228.42, 498.91 213.74 M454.3 265.06 C464.68 252.99, 475.43 240.46, 498.91 213.74 M462.11 265.23 C476.66 250.09, 489.27 233.28, 498.85 222.96 M462.11 265.23 C474.2 250.95, 486.52 237.35, 498.85 222.96 M469.91 265.39 C479.55 254.77, 487.5 245.64, 498.78 232.18 M469.91 265.39 C481.02 252.9, 491.44 240.1, 498.78 232.18 M478.38 264.8 C483.38 257.76, 489.47 252.71, 498.72 241.4 M478.38 264.8 C483.01 259.65, 487.53 254.15, 498.72 241.4 M486.19 264.96 C490.71 260.2, 495.35 253.68, 499.31 249.87 M486.19 264.96 C489.61 261.04, 493.32 256.36, 499.31 249.87 M494 265.12 C495.87 262.86, 498.07 260.72, 499.25 259.09 M494 265.12 C495.7 263.11, 497.23 261.52, 499.25 259.09" data-paint="stroke" data-role="hatch" part="sp-ink">
  <path d="M165.4,195H498.6V265H165.4Z" data-paint="stroke" data-role="encoding" part="sp-ink">
  <path d="M93.89 267.12 C93.89 267.12, 93.89 267.12, 93.89 267.12 M93.89 267.12 C93.89 267.12, 93.89 267.12, 93.89 267.12 M93.83 276.34 C97.26 273.01, 99.81 269.71, 101.7 267.29 M93.83 276.34 C96.31 273.66, 98.29 270.93, 101.7 267.29 M93.77 285.56 C98.9 279.21, 104.52 274.13, 110.17 266.69 M93.77 285.56 C98.75 279.31, 104.15 272.86, 110.17 266.69 M93.7 294.78 C99.36 287.8, 103.61 282.1, 117.98 266.86 M93.7 294.78 C99.65 287.29, 106.2 280.43, 117.98 266.86 M94.29 303.24 C100.85 296.07, 107.14 288.11, 125.78 267.02 M94.29 303.24 C101.63 294.78, 108.74 286.71, 125.78 267.02 M94.23 312.46 C104.74 299.82, 116.76 287.29, 133.59 267.18 M94.23 312.46 C108.05 296.4, 121.97 280.56, 133.59 267.18 M94.16 321.68 C108.33 304.1, 124.08 286.7, 141.4 267.34 M94.16 321.68 C112.9 300.73, 130.99 279.18, 141.4 267.34 M94.1 330.9 C105.05 316.67, 117.4 304.62, 149.87 266.75 M94.1 330.9 C110.79 311.3, 127.93 291.68, 149.87 266.75 M96.66 337.1 C112.61 320.1, 126.99 302.1, 157.67 266.92 M96.66 337.1 C115.17 315.63, 133.43 295.2, 157.67 266.92 M104.47 337.27 C116.74 322.36, 130.33 307.97, 165.48 267.08 M104.47 337.27 C126.75 310.95, 149.42 284.97, 165.48 267.08 M112.93 336.67 C133.91 313.42, 153.7 288.51, 173.29 267.24 M112.93 336.67 C135.88 310.44, 158.03 283.9, 173.29 267.24 M120.74 336.84 C138.48 315.4, 156.2 295.83, 181.76 266.65 M120.74 336.84 C143.47 310.76, 165.8 284.79, 181.76 266.65 M128.55 337 C145.95 316.75, 164.29 296.8, 189.56 266.81 M128.55 337 C145.43 316.98, 162.96 297.39, 189.56 266.81 M136.36 337.16 C149.88 320.54, 165.62 304.74, 197.37 266.97 M136.36 337.16 C150.36 320.55, 164.64 304.67, 197.37 266.97 M144.17 337.33 C161.98 316.07, 180.05 295.01, 205.18 267.14 M144.17 337.33 C157.55 321.84, 170.57 307, 205.18 267.14 M152.63 336.73 C166.11 321.31, 178.85 304.94, 212.99 267.3 M152.63 336.73 C168.03 319.4, 183.27 301.08, 212.99 267.3 M160.44 336.9 C180.08 313.52, 201.73 290.8, 221.45 266.71 M160.44 336.9 C174.65 321.25, 187.77 305.48, 221.45 266.71 M168.25 337.06 C192.99 308.58, 217.41 280.07, 229.26 266.87 M168.25 337.06 C182.59 319.81, 197.85 303.29, 229.26 266.87 M176.06 337.22 C192.59 318.16, 207.66 300.23, 237.07 267.03 M176.06 337.22 C193.24 317.42, 210.96 297.66, 237.07 267.03 M183.87 337.38 C204.98 313.97, 224.94 290.16, 244.88 267.2 M183.87 337.38 C206.47 311.22, 229.32 284.75, 244.88 267.2 M192.33 336.79 C214.05 312.04, 233.85 287.81, 252.69 267.36 M192.33 336.79 C204.92 322.53, 217.34 307.78, 252.69 267.36 M200.14 336.96 C220.42 314.96, 239.4 291.07, 261.15 266.77 M200.14 336.96 C219.97 313.83, 240.72 290.94, 261.15 266.77 M207.95 337.12 C227.9 314.58, 247.12 292.67, 268.96 266.93 M207.95 337.12 C229.66 311.53, 252.51 285.95, 268.96 266.93 M215.76 337.28 C235.69 314.54, 253.96 292.07, 276.77 267.09 M215.76 337.28 C239.19 310.65, 261.47 284.18, 276.77 267.09 M224.22 336.69 C241.28 316.79, 259.54 297.12, 284.58 267.26 M224.22 336.69 C244.37 312.87, 265.41 289.26, 284.58 267.26 M232.03 336.85 C257.21 308.52, 281.5 280.8, 293.04 266.66 M232.03 336.85 C247.9 318.26, 264.01 299.68, 293.04 266.66 M239.84 337.02 C256.17 317.45, 274.05 297.74, 300.85 266.83 M239.84 337.02 C256.14 317.6, 273.34 298.63, 300.85 266.83 M247.65 337.18 C264.21 317.96, 281.42 297.98, 308.66 266.99 M247.65 337.18 C268.61 313.75, 288.51 289.72, 308.66 266.99 M255.46 337.34 C273.01 317.33, 289.38 297.91, 316.47 267.15 M255.46 337.34 C276.05 313.5, 296.94 289.48, 316.47 267.15 M263.92 336.75 C287.71 309.26, 310.92 282.29, 324.28 267.32 M263.92 336.75 C277.88 320.71, 291.27 305.66, 324.28 267.32 M271.73 336.91 C294.15 311.73, 317.15 285.54, 332.74 266.72 M271.73 336.91 C286.97 319.19, 302.49 301, 332.74 266.72 M279.54 337.07 C294.91 319.68, 310.55 301.26, 340.55 266.89 M279.54 337.07 C301.27 312.65, 322.94 287.98, 340.55 266.89 M287.35 337.24 C300.43 322.85, 314.36 306.88, 348.36 267.05 M287.35 337.24 C309.42 311.2, 332.04 285.46, 348.36 267.05 M295.15 337.4 C310.35 318.89, 326.08 300.35, 356.17 267.21 M295.15 337.4 C308.59 321.72, 322.22 305.95, 356.17 267.21 M303.62 336.81 C326.11 310.85, 348.36 284.77, 363.98 267.37 M303.62 336.81 C326.14 311.37, 348.62 285.11, 363.98 267.37 M311.43 336.97 C328.66 317.84, 344.95 297.95, 372.44 266.78 M311.43 336.97 C332.59 312.94, 353.66 288.66, 372.44 266.78 M319.24 337.13 C343.19 311.01, 364.71 284.01, 380.25 266.95 M319.24 337.13 C343.53 309.27, 367.79 281.31, 380.25 266.95 M327.05 337.3 C346 315.42, 363.73 295.2, 388.06 267.11 M327.05 337.3 C345.05 316.93, 362.67 296.5, 388.06 267.11 M335.51 336.7 C351.25 318.75, 365.95 301.42, 395.87 267.27 M335.51 336.7 C355.14 314.72, 374.02 292.15, 395.87 267.27 M343.32 336.87 C365.7 312.16, 387.88 285.58, 404.33 266.68 M343.32 336.87 C359.06 318.64, 373.95 300.81, 404.33 266.68 M351.13 337.03 C364.39 321.88, 378.03 306.26, 412.14 266.84 M351.13 337.03 C365.55 320.66, 380.3 303.3, 412.14 266.84 M358.94 337.19 C371.89 322.27, 385.31 306.09, 419.95 267.01 M358.94 337.19 C376.72 316.42, 394.61 295.7, 419.95 267.01 M366.74 337.36 C388.54 312.09, 410.1 287, 427.76 267.17 M366.74 337.36 C379.47 322.77, 392.07 308.07, 427.76 267.17 M375.21 336.76 C392.56 317.86, 409.57 296.82, 435.57 267.33 M375.21 336.76 C390.92 317.82, 407.1 300.16, 435.57 267.33 M383.02 336.93 C404.43 311.23, 426.47 287.39, 444.03 266.74 M383.02 336.93 C402.31 315.25, 421.64 293.47, 444.03 266.74 M390.83 337.09 C408.88 316.92, 425.32 297.15, 451.84 266.9 M390.83 337.09 C409.42 314.94, 429.04 293.68, 451.84 266.9 M398.63 337.25 C422.75 310.78, 445.02 283.76, 459.65 267.06 M398.63 337.25 C422.36 310.71, 445.56 283.2, 459.65 267.06 M406.44 337.42 C418.54 324.21, 430.23 309.4, 467.46 267.23 M406.44 337.42 C428.35 311.62, 450.96 286.04, 467.46 267.23 M414.91 336.82 C437.73 309.7, 462.68 282.6, 475.92 266.64 M414.91 336.82 C432.21 317.01, 449.1 297.83, 475.92 266.64 M422.72 336.99 C443.82 313.24, 463.71 289.66, 483.73 266.8 M422.72 336.99 C437.84 319.26, 453.34 301.3, 483.73 266.8 M430.52 337.15 C444.35 322.56, 457.11 307.23, 491.54 266.96 M430.52 337.15 C443.34 322.69, 455.54 308.2, 491.54 266.96 M438.33 337.31 C452.41 320.41, 468.74 304.01, 499.35 267.12 M438.33 337.31 C461.21 310.23, 484.95 283.99, 499.35 267.12 M446.8 336.72 C464.81 316.75, 482.69 295.19, 507.16 267.29 M446.8 336.72 C459.56 322.15, 471.66 307.69, 507.16 267.29 M454.61 336.88 C478.69 308.03, 502.62 280.99, 515.62 266.69 M454.61 336.88 C470.7 319.23, 485.4 301.15, 515.62 266.69 M462.41 337.05 C482.15 313.74, 502.41 291.32, 523.43 266.86 M462.41 337.05 C478.57 317.91, 495.17 298.49, 523.43 266.86 M470.22 337.21 C488.98 314.79, 509.77 291.83, 531.24 267.02 M470.22 337.21 C492.24 312.05, 513.98 286.62, 531.24 267.02 M478.03 337.37 C492.14 322.02, 505.33 305.46, 539.05 267.18 M478.03 337.37 C490.74 322.9, 504.24 307.97, 539.05 267.18 M486.5 336.78 C502.5 318.5, 517.36 301.28, 546.85 267.35 M486.5 336.78 C502.88 317.88, 519.26 298.86, 546.85 267.35 M494.3 336.94 C515.8 312.62, 537.51 286.23, 555.32 266.75 M494.3 336.94 C517.9 309.45, 542.17 281.43, 555.32 266.75 M502.11 337.1 C521.36 316.42, 540.06 293.93, 563.13 266.92 M502.11 337.1 C525.11 311.46, 547.04 285.46, 563.13 266.92 M509.92 337.27 C527.62 315.34, 546.19 295.46, 570.28 267.83 M509.92 337.27 C522.2 322.42, 535.68 307.91, 570.28 267.83 M518.39 336.68 C533.78 319.91, 547.84 302.21, 570.87 276.3 M518.39 336.68 C534 318.69, 549.83 300.8, 570.87 276.3 M526.2 336.84 C541.07 319.88, 554.64 304.96, 570.81 285.52 M526.2 336.84 C535.51 325.84, 545.35 315.17, 570.81 285.52 M534 337 C544.4 325.61, 552.33 314.04, 570.74 294.74 M534 337 C545.52 323.52, 556.98 310.96, 570.74 294.74 M541.81 337.16 C549.22 329.11, 555.57 322.69, 570.68 303.96 M541.81 337.16 C552.86 325.12, 563.06 312.73, 570.68 303.96 M549.62 337.33 C554.18 332.21, 558.59 326.24, 570.61 313.18 M549.62 337.33 C556.31 328.87, 563.6 321.27, 570.61 313.18 M558.09 336.73 C562.04 332.1, 567.05 325.57, 570.55 322.4 M558.09 336.73 C562.71 331.08, 567.93 325.65, 570.55 322.4 M565.89 336.9 C567.21 335.45, 567.78 334.68, 570.49 331.61 M565.89 336.9 C567.31 335.28, 568.71 333.78, 570.49 331.61 M93.97 336.98 C93.97 336.98, 93.97 336.98, 93.97 336.98 M93.97 336.98 C93.97 336.98, 93.97 336.98, 93.97 336.98 M103.19 337.04 C101.88 335.49, 99.08 334.24, 94.14 329.17 M103.19 337.04 C100.95 335.24, 98.98 333.36, 94.14 329.17 M112.41 337.11 C107.16 332.05, 100.39 326.2, 94.3 321.36 M112.41 337.11 C107.83 333.71, 103.74 330.11, 94.3 321.36 M121.63 337.17 C111.52 327.23, 99.61 318.14, 93.71 312.9 M121.63 337.17 C113.58 329.79, 104.65 323.11, 93.71 312.9 M130.85 337.23 C120.18 326.81, 108.89 318.21, 93.87 305.09 M130.85 337.23 C120.68 328.51, 110.58 319.56, 93.87 305.09 M140.07 337.3 C127.15 325.89, 113.13 312.99, 94.03 297.28 M140.07 337.3 C129.61 329, 120.31 320.52, 94.03 297.28 M148.54 336.71 C132.48 323.44, 117.79 310.74, 94.2 289.47 M148.54 336.71 C135.68 325.41, 122.5 314.12, 94.2 289.47 M157.75 336.77 C136.25 318.41, 116.09 300.55, 94.36 281.66 M157.75 336.77 C140.98 322.38, 124.23 307.78, 94.36 281.66 M166.97 336.83 C143.07 316.01, 120.09 296.7, 93.77 273.2 M166.97 336.83 C148.18 320.21, 130.13 304.28, 93.77 273.2 M176.19 336.9 C145.15 310.29, 112.83 281.67, 95.44 266.7 M176.19 336.9 C159.92 322.93, 143.78 309.05, 95.44 266.7 M185.41 336.96 C156.35 311.49, 127.15 285.29, 104.66 266.76 M185.41 336.96 C156.79 311.92, 127.38 286.52, 104.66 266.76 M194.63 337.03 C176.53 322.11, 158.92 306.39, 113.88 266.83 M194.63 337.03 C162.48 309.64, 131.16 281.37, 113.88 266.83 M203.85 337.09 C176.31 313.06, 150.44 290.59, 123.1 266.89 M203.85 337.09 C183.9 319.49, 163.74 302.4, 123.1 266.89 M213.07 337.16 C188.31 314.19, 161.93 293.36, 132.32 266.96 M213.07 337.16 C189.69 316.4, 166.73 296.62, 132.32 266.96 M222.29 337.22 C202.72 318.4, 182.2 301.09, 141.54 267.02 M222.29 337.22 C193.71 312.93, 165.25 287.72, 141.54 267.02 M231.51 337.28 C200.32 309.11, 169.07 282.52, 150.76 267.09 M231.51 337.28 C205.29 315.05, 180.24 292.54, 150.76 267.09 M239.97 336.69 C214.45 313.28, 188.13 292.06, 159.97 267.15 M239.97 336.69 C212.57 312.99, 184.86 289.47, 159.97 267.15 M249.19 336.76 C224.41 315.92, 201.02 294.86, 168.44 266.56 M249.19 336.76 C232.56 321.32, 214.99 306.81, 168.44 266.56 M258.41 336.82 C240.62 320.84, 222.47 304.63, 177.66 266.62 M258.41 336.82 C240.85 322.06, 223.15 306.89, 177.66 266.62 M267.63 336.88 C241.2 313.8, 213.32 289.47, 186.88 266.69 M267.63 336.88 C245.29 317.18, 221.99 297.21, 186.88 266.69 M276.85 336.95 C258.4 321.02, 239.4 304.52, 196.1 266.75 M276.85 336.95 C258.61 320.87, 240.12 304.57, 196.1 266.75 M286.07 337.01 C259.43 313.69, 232.06 290.3, 205.32 266.81 M286.07 337.01 C259.03 313.64, 232.76 290.74, 205.32 266.81 M295.29 337.08 C270.35 316.69, 246.06 294.83, 214.54 266.88 M295.29 337.08 C265.44 311.68, 236.53 285.85, 214.54 266.88 M304.51 337.14 C277.35 312.97, 247.97 287.96, 223.75 266.94 M304.51 337.14 C276.28 312.47, 247.13 288.05, 223.75 266.94 M313.73 337.2 C282.01 310.06, 251.66 283.25, 232.97 267.01 M313.73 337.2 C293.76 319.8, 274.65 302.42, 232.97 267.01 M322.95 337.27 C291.33 310.19, 261.79 282.83, 242.19 267.07 M322.95 337.27 C303.96 321.48, 285.75 305.21, 242.19 267.07 M331.41 336.68 C306.73 315.59, 282.24 292.98, 251.41 267.13 M331.41 336.68 C312.56 320.32, 294.05 303.83, 251.41 267.13 M340.63 336.74 C319.67 317.68, 296.61 299.39, 260.63 267.2 M340.63 336.74 C322.03 320.5, 303.18 303.79, 260.63 267.2 M349.85 336.81 C326.06 315.9, 303.08 296.9, 269.1 266.61 M349.85 336.81 C322.79 312.9, 295.84 289.6, 269.1 266.61 M359.07 336.87 C327.48 309.09, 295.78 281.95, 278.32 266.67 M359.07 336.87 C333.22 313.87, 306.79 291.82, 278.32 266.67 M368.29 336.93 C350.51 321.81, 331.14 305.46, 287.54 266.74 M368.29 336.93 C344.5 316.26, 320.79 295.51, 287.54 266.74 M377.51 337 C350.47 313, 321.32 288.52, 296.75 266.8 M377.51 337 C358.04 320.01, 338.26 303.24, 296.75 266.8 M386.73 337.06 C369.2 321.95, 352.76 307.85, 305.97 266.86 M386.73 337.06 C363.21 316.62, 340.06 296.76, 305.97 266.86 M395.95 337.13 C373.25 316.64, 350.42 297.87, 315.19 266.93 M395.95 337.13 C376.66 320.83, 357.99 303.98, 315.19 266.93 M405.17 337.19 C387.29 321.37, 370.37 307.58, 324.41 266.99 M405.17 337.19 C386.37 320.89, 367.36 303.92, 324.41 266.99 M414.39 337.25 C384.42 311.22, 353.89 285.46, 333.63 267.06 M414.39 337.25 C388.11 314.35, 361.86 291.64, 333.63 267.06 M423.61 337.32 C407.33 322.07, 389.83 308.32, 342.85 267.12 M423.61 337.32 C399.74 316.19, 375.62 295.26, 342.85 267.12 M432.07 336.73 C405.41 313.67, 376.28 289.32, 352.07 267.18 M432.07 336.73 C413.24 320.85, 394.83 304.31, 352.07 267.18 M441.29 336.79 C424.39 320.83, 405.74 306.56, 360.54 266.59 M441.29 336.79 C410.76 310.83, 380.73 284.71, 360.54 266.59 M450.51 336.86 C423.57 313.69, 396.74 289.17, 369.75 266.66 M450.51 336.86 C429.23 319.1, 408.36 299.94, 369.75 266.66 M459.73 336.92 C436.37 316.5, 412.64 295.07, 378.97 266.72 M459.73 336.92 C427.31 308.89, 395.19 280.83, 378.97 266.72 M468.95 336.98 C449.5 319.16, 429.32 301.49, 388.19 266.79 M468.95 336.98 C452.63 322.72, 436.71 308.79, 388.19 266.79 M478.17 337.05 C450.13 313.21, 422.75 289.37, 397.41 266.85 M478.17 337.05 C457.94 319.37, 437.35 302.03, 397.41 266.85 M487.39 337.11 C455.65 309.91, 424.04 281.84, 406.63 266.91 M487.39 337.11 C468.39 320.1, 448.86 303.26, 406.63 266.91 M496.61 337.18 C474.25 317.14, 452.53 297.69, 415.85 266.98 M496.61 337.18 C477.32 320.4, 457.3 303, 415.85 266.98 M505.82 337.24 C486.52 321.11, 467.12 304.23, 425.07 267.04 M505.82 337.24 C485.95 319.88, 465.56 302.23, 425.07 267.04 M515.04 337.3 C492.24 317.3, 469.82 296.84, 434.29 267.11 M515.04 337.3 C496.13 320.99, 477.73 305.08, 434.29 267.11 M523.51 336.71 C500.76 317.92, 480.45 298.82, 443.51 267.17 M523.51 336.71 C500.64 316.75, 477.76 297.36, 443.51 267.17 M532.73 336.78 C506.17 313.41, 479.64 289.8, 451.97 266.58 M532.73 336.78 C508.24 315.17, 483.63 293.97, 451.97 266.58 M541.95 336.84 C515.2 312.75, 489.27 291.12, 461.19 266.64 M541.95 336.84 C517.18 315.38, 492.3 294.36, 461.19 266.64 M551.17 336.9 C527.2 316.23, 504.88 295.5, 470.41 266.71 M551.17 336.9 C526.84 315.33, 502.37 294.58, 470.41 266.71 M560.39 336.97 C538.21 316.94, 515.4 297.38, 479.63 266.77 M560.39 336.97 C540.3 319.24, 520.22 302.13, 479.63 266.77 M569.61 337.03 C553.04 322.38, 535.92 307.89, 488.85 266.83 M569.61 337.03 C546.4 316.64, 522.68 296.64, 488.85 266.83 M570.52 329.88 C548.07 309.52, 523.08 289.04, 498.07 266.9 M570.52 329.88 C546.56 308.95, 521.44 286.98, 498.07 266.9 M570.69 322.07 C558.14 309.59, 543.32 297.84, 507.29 266.96 M570.69 322.07 C552.43 306.54, 534.36 290.52, 507.29 266.96 M570.09 313.61 C554.83 300.51, 538.43 285.2, 516.51 267.03 M570.09 313.61 C548.75 295.58, 527.91 276.77, 516.51 267.03 M570.26 305.8 C559.92 297.73, 551.01 288.21, 525.73 267.09 M570.26 305.8 C555.9 293.27, 541.09 280.36, 525.73 267.09 M570.42 297.99 C557.79 286.74, 542.99 274.88, 534.95 267.16 M570.42 297.99 C558.46 288.34, 547.64 277.55, 534.95 267.16 M570.58 290.18 C564.17 284.16, 556.01 278.09, 543.41 266.56 M570.58 290.18 C564.45 285.41, 558.86 280.34, 543.41 266.56 M570.74 282.37 C563.21 275.62, 557.83 270.24, 552.63 266.63 M570.74 282.37 C567.05 278.96, 562.51 275.23, 552.63 266.63 M570.15 273.91 C567.64 271.42, 565.52 269.87, 561.85 266.69 M570.15 273.91 C566.97 271.41, 564.04 268.61, 561.85 266.69" data-paint="stroke" data-role="hatch" part="sp-ink">
  <path d="M94,267H570V337H94Z" data-paint="stroke" data-role="encoding" part="sp-ink">
  <text data-kind="title" part="sp-text" text-anchor="start" x="16" y="27">
    "Headcount by level"
  <text data-kind="badge" part="sp-axis" text-anchor="end" x="624" y="27">
    "2026"
  <text data-kind="footer" part="sp-axis" text-anchor="start" x="16" y="370">
    "width in %"
  <text data-kind="footer" part="sp-axis" text-anchor="end" x="624" y="370">
    "silverpoint"
  <text data-kind="tick" part="sp-text" text-anchor="start" x="22" y="90">
    "Leads"
  <text data-kind="tick" part="sp-axis" text-anchor="end" x="618" y="90">
    "18"
  <text data-kind="tick" part="sp-text" text-anchor="start" x="22" y="162">
    "Managers"
  <text data-kind="tick" part="sp-axis" text-anchor="end" x="618" y="162">
    "42"
  <text data-kind="tick" part="sp-text" text-anchor="start" x="22" y="234">
    "Specialists"
  <text data-kind="tick" part="sp-axis" text-anchor="end" x="618" y="234">
    "70"
  <text data-kind="tick" part="sp-text" text-anchor="start" x="22" y="306">
    "Staff"
  <text data-kind="tick" part="sp-axis" text-anchor="end" x="618" y="306">
    "100"